341
566
828
-83
-1877
894
-1853
521
-652
1610
-1355
1964
7
671
-933
450
925
-879
-1202
1853
309
124
-1681
291
-1300
-1358
181
1300
617
1608
-971
-508
-749
-1892
445
872
371
430
464
1216
1320
1065
-426
-270
-1269
-1432
-414
1026
1600
250
-1474
-1305
-1149
1606
-756
511
1424
-490
264
-101
893
1486
49
-1651
1365
665
-1393
-1862
-1340
-1173
1841
981
-608
1367
1828
-1569
-215
-19
-902
-935
118
-1256
1322
682
-363
-1841
-1618
755
-1564
1353
-233
-1626
35
1252
732
272
-53
-848
1005
-648
-1201
-867
633
376
494
1541
1935
-439
-1583
272
-975
-1288
-1572
1515
1484
-897
1580
394
1122
-507
-588
-1523
-506
-855
-1764
939
610
517
-298
1115
1114
990
-1642
-1652
1186
-766
858
-839
-792
433
-28
-1321
-1002
440
1097
711
796
833
-284
-1205
-1309
1046
1859
17
763
993
1044
-1205
905
865
680
1193
-10
-1303
713
-1291
855
-688
-1531
-690
-1498
-677
191
1796
-1246
-1624
1748
-926
-1654
-1052
1540
386
1558
196
1546
1461
-359
148
-968
-512
1523
187
220
251
1443
708
160
1070
1161
1386
-1452
-1294
782
-260
868
-925
321
-370
-753
990
567
-1386
337
-548
-1871
905
1510
-1293
-1434
1266
-1485
-1234
1314
1993
-388
1222
523
-502
-335
-1281
-1826
-1320
135
1597
1166
1859
1224
270
-1587
924
-609
1539
242
458
766
-1484
459
515
427
-110
-237
869
794
-789
-401
261
454
885
-1490
1653
682
1697
-159
503
229
1265
1812
1449
-1196
1315
1792
56
573
-1613
-1730
702
1273
-218
-150
253
-1858
582
875
760
-62
-661
-1689
1687
-150
915
131
-1096
-760
690
907
-362
1302
1148
-1238
168
1806
622
230
-1188
-1812
1719
1139
-1578
1252
62
-1384
275
-1133
610
285
-1836
-575
-1063
1362
-1535
1014
-467
-1623
-99
883
231
348
-1008
-1115
1815
-635
544
-47
-558
564
938
279
-133
-268
-1745
36
918
1494
1302
-895
1487
-1835
1775
1079
-1575
-793
1413
1084
758
1903
-1413
1164
13
-531
385
-293
1289
-576
-1481
713
-1027
-1365
723
-575
1640
1022
1745
846
-9
445
958
496
-941
-652
-45
-388
796
1177
-297
1050
-1296
1052
1881
-620
-210
1950
-879
-1818
1683
1041
466
-1309
-1811
-1486
-1834
-32
971
-190
-888
-883
-939
1940
49
-233
-1585
793
1762
568
869
-1040
828
-225
138
-1644
791
-838
-1800
-1663
471
-482
-712
1365
-338
-1702
-1019
-650
-144
88
739
-944
-1272
1017
-1377
-1138
471
1029
1231
229
-1359
-1612
1603
-791
136
-1713
1781
669
1099
-522
1514
-1169
-1861
-571
-1726
1484
867
-970
-358
-1451
-104
35
-1513
-1198
1705
208
1349
-1368
-1464
290
-1705
-885
-1327
733
-1466
-1150
-909
1747
-1220
994
-997
-780
-1404
1250
1803
766
1307
-1622
-1285
-1424
1262
408
1803
-1562
1647
496
1134
-1892
1991
1087
-489
-210
1404
42
-1265
355
1828
1977
-392
236
-763
1229
-1771
-1837
-929
-925
502
-1258
-388
-1867
13
1527
228
-1255
1193
1026
30
-1840
1459
-792
-434
1642
18
-312
-1181
-562
-1151
-1731
-498
-591
-761
1460
885
-410
-1436
365
418
-850
-292
1308
1089
-104
1449
453
851
1978
-1809
705
189
1074
1861
1460
-1001
-1154
884
1909
-1267
-404
-1193
-790
-251
1854
192
-957
-1522
-173
-1539
-1254
-1639
-1214
1857
1321
-840
-1411
-282
1690
-1665
1787
-93
-1498
-763
-329
1128
-537
1837
-1520
957
-1647
-1633
1535
1202
1666
370
-74
1903
5
-583
-543
208
-165
-552
550
-1348
-1136
468
1190
1244
-1235
852
-1537
1381
1171
-1030
-1333
752
543
-1475
-777
-347
-414
112
-422
453
584
1064
-721
970
-24
139
714
34
268
-1631
946
-581
-1859
158
-943
308
-949
1786
33
-450
-932
1031
-690
493
562
321
-1526
1282
885
59
1213
248
1732
1612
741
1530
-1831
-1171
-1697
1838
1289
-533
665
-713
-251
1749
1152
1527
837
-1772
1801
1892
-1263
-1812
305
-1569
-984
381
602
-1822
44
420
-1769
-524
-874
1676
-1673
-1654
-859
1457
-1475
-915
1541
132
-1597
-876
-666
-712
1021
1269
476
-1323
-741
971
-1279
-642
-1830
-1393
867
130
-1819
-1704
443
130
394
-738
489
1043
-1161
-428
551
-35
-1805
720
-628
881
-776
1490
-260
-546
-641
-1817
-131
-1021
1191
1902
-751
973
-355
-20
1247
1383
-34
463
109
854
1711
-1082
401
1683
228
377
1742
1256
369
1381
-1815
-44
-1044
-1132
731
-1764
-1105
1178
661
-1875
502
1260
1813
-1712
1720
-55
713
262
829
-1104
1037
-1453
1123
-877
297
-1310
8
-1227
1946
-1841
-1316
-163
-610
-944
1069
-147
-799
-663
-887
405
1501
-1321
80
-1890
-1564
-1040
-1383
-816
-1745
626
314
228
-301
-1692
1843
1067
-1504
485
1005
966
269
-1531
509
1754
-834
974
85
1552
38
832
581
802
-612
223
-1886
-247
1689
-550
-1424
1358
-1882
1309
1753
1793
-1845
897
1856
1539
1950
-948
163
1959
-1673
-1877
-1522
1610
-1366
45
1448
-1329
1713
-925
1223
-1020
-280
-130
1439
1926
-1515
-1525
1055
939
1013
-1336
1431
-865
1394
441
-165
-1263
-736
-445
-375
1669
1693
577
198
-1344
1257
594
-1781
-1372
-647
514
-976
1481
-509
-1838
-1750
562
-1636
1710
1630
546
-1739
-56
-1563
-328
-1816
-71
-482
-17
-613
740
-851
-785
-1333
1854
-260
-154
-874
-1570
-1561
1788
1760
1541
-782
-1515
-1799
667
697
-657
-1388
1250
-453
628
-1576
503
1328
-1849
562
1580
703
-1086
1237
143
-1326
-1265
1013
770
1211
966
1545
-64
494
-1432
1332
-1689
-441
1253
-1722
219
966
-259
-1812
807
-1774
398
-1768
1303
-1396
-1879
-2
-928
-1038
247
-66
378
-1872
187
-115
627
1817
687
-510
799
1124
1767
1674
-43
1168
841
-397
874
-1825
85
1283
1481
-1170
-1543
157
-241
1526
-1639
1366
-161
1663
868
-60
-412
1740
-104
-250
-1263
-1663
-1619
1795
-1715
1188
-375
-883
67
-1249
1464
460
-1127
17
132
-1772
-952
1700
1817
-1365
570
873
857
-180
-372
-264
1400
194
1225
-1768
7
1956
499
34
-1507
569
1796
-277
-555
-117
1162
814
-630
686
-1865
-429
-1330
-1202
-59
-552
152
709
-1708
515
237
-1573
-625
-504
1416
917
219
-1037
962
-953
-221
-1610
479
-163
-329
98
-1729
-472
1173
-755
-592
1950
140
-1683
587
-579
219
1743
223
-1807
780
-1812
934
1690
220
1206
-1640
167
966
1031
1310
-112
1349
278
985
1599
1868
134
-1719
-1504
-1806
-1742
-137
1411
1585
-1273
1269
1168
-7
1479
-354
289
152
-1219
1461
-1516
82
-1831
1363
-340
144
390
697
1356
1488
-1455
-270
-778
-1814
1978
-1638
-84
1405
-299
-602
-268
-937
211
-1138
979
620
1131
1653
1048
217
-1503
1738
1875
-131
-1732
1915
-732
-1458
-280
-209
-1757
-523
-86
1332
-1507
1544
1432
-306
-440
1748
706
-1268
-329
-40
495
1878
-1429
1391
1362
-1879
1177
-626
-1146
1202
-718
1919
1151
1204
-381
-714
1414
650
-484
-965
-792
1705
-1
530
-338
265
702
782
1584
223
1758
-721
-354
-1662
761
988
-325
1748
1292
959
-1112
1184
677
-464
-857
549
914
-1838
-491
-1826
-291
-512
-324
707
708
-978
-1483
-1010
61
-1238
1836
245
1910
-494
-1873
-1250
-695
-982
-1550
465
1661
1957
1619
1665
1788
1477
-1514
165
-118
1988
1004
-820
-1125
212
1947
-1085
-1159
1808
1453
-494
482
17
1830
-1627
621
-595
-20
1695
1442
-1650
234
-1861
-1723
-257
99
1791
1434
-1555
-1019
-1565
1128
-583
1351
1013
-496
-663
3
352
1397
549
1961
210
-300
-257
1130
-1640
221
-1594
-726
-771
-470
-1780
210
361
-1339
1487
-1402
1953
1659
506
1351
1594
95
826
294
-1030
957
-1272
1219
-295
-970
-1176
1834
-356
1425
1300
-1478
1003
-717
-1567
647
1094
1950
1784
-1535
-1022
1367
385
-814
1176
101
1048
-1211
-1290
-58
852
-930
-1770
1880
-359
-670
-326
-341
-1688
789
499
643
415
926
197
-1746
-205
670
1616
-897
-124
-1446
1678
-1434
-328
-404
-684
-1873
-722
-484
-323
1077
1305
-354
-1217
-1258
-54
-1213
521
-826
184
-466
818
1861
-286
1359
586
-167
1300
-332
-1819
-1555
-1079
-62
-828
154
-316
1524
-618
198
-1386
-1058
1031
-920
-1669
1947
-831
1038
1906
689
881
1873
1167
54
-474
317
1434
-1128
-294
-474
1808
1296
-888
501
-1858
-1869
-336
394
1309
705
530
1187
-869
-1069
-347
225
1238
-1742
1155
76
1419
962
-569
-1193
791
-1118
-1521
-91
1099
885
-876
1853
-5
-73
1603
1316
-1124
-1872
-1149
-932
645
1772
-470
-553
1735
1624
-772
-1619
754
-1882
379
123
-260
-162
528
-466
-850
392
177
1085
-1465
1552
1041
1597
1071
129
1149
-311
-942
-996
-26
470
-1048
854
-1715
-994
1494
-1310
1652
-1820
-993
556
-889
-401
-973
469
-1545
531
1696
848
-1714
-386
1462
1211
-1143
-1567
73
-1186
1673
-1512
996
-1292
537
265
-958
-1037
1129
-84
1599
-533
1546
-977
1285
432
1257
349
972
1513
208
-157
718
-600
1424
289
-1096
1495
813
1607
391
-368
-853
-193
71
1020
1339
1288
-273
-1063
-1054
1023
-1466
1168
1705
-11
-1535
874
1937
482
1703
-1154
-1245
957
302
-181
610
-565
-1096
-273
538
414
46
545
-1095
702
-475
103
113
1278
366
-1645
-521
-712
1842
-1029
404
1317
463
-335
-1481
620
-384
-1643
962
877
-1677
-1245
438
1156
321
1183
1685
703
-1115
1170
1384
-1562
1380
464
-1689
29
-1502
901
-1211
1634
1732
1601
-661
989
-1695
-1538
1914
-1402
1370
1947
119
-1849
1657
-189
-650
-565
860
-1673
-1556
712
-1005
706
1350
1039
-278
-1067
-1703
-1055
-363
1497
118
-799
1702
-1468
-782
294
833
-664
1630
380
191
-1586
1397
1450
260
-826
1945
-1714
-71
-538
-952
-1211
456
172
1632
836
1835
1278
1853
-318
1549
948
1624
-1331
-127
3
-1235
-721
1499
115
1046
-1627
1925
-407
1345
33
386
1709
-643
-207
-116
1576
34
1600
-1096
1524
1755
-1868
38
1484
-1385
693
854
-100
-1378
-305
1386
269
1148
-1322
-1800
918
1345
915
-870
1234
-366
-365
-1854
576
1617
-1048
1524
-1546
1284
1592
-768
795
-238
-1256
-1448
-1748
1873
-755
1312
1729
-1632
-1129
-1077
-746
-644
1235
-281
470
-1522
1102
1389
308
1627
-1748
1033
-1104
59
1904
-1868
1906
1426
-1222
-1563
-963
80
-786
1571
1129
-660
-1725
-560
-733
-684
1589
-1529
-1634
-59
599
-1857
-414
1305
1412
1976
1438
-73
1467
813
-808
-696
-1782
1520
1775
1010
-1143
1012
-30
1009
1932
-1002
-1720
-961
1469
239
-528
1684
1673
-1865
-25
-783
-1177
668
587
296
984
-1643
-783
-338
-208
1262
949
1997
-661
-1547
-839
-1841
-1545
-1821
-419
-1362
-1821
1782
-667
823
1588
906
299
-235
329
-1352
-308
512
-186
1415
-1533
-1010
-1492
995
-1754
-563
-618
148
-1140
-1259
-1486
718
1700
800
-1352
1699
1213
388
7
772
-1681
-1195
631
1264
-1804
438
289
1499
664
-1778
1037
485
-870
1512
958
-404
1782
1206
373
-1145
1163
400
885
478
-972
-892
-1068
-89
132
491
-1650
-308
-121
569
543
-270
1800
1716
1087
-1452
783
1467
-934
-856
-1555
1165
-1487
-1077
237
274
205
98
1830
-1631
-1051
1493
370
-836
1562
-1800
-712
140
489
-1797
-1121
-512
-1270
-359
196
-1232
1871
822
339
1448
-40
1136
512
1959
-1618
-1235
132
-1779
-266
1871
372
450
-368
207
1404
1163
953
1762
-850
-671
1617
132
1047
1661
-191
-1517
533
1436
635
-123
-845
-1627
367
-1645
-1814
150
1896
-472
-722
-1742
-1528
214
1842
938
-1491
-1754
83
-1515
131
-303
1368
1513
-215
1115
1087
763
-753
-1262
-1143
-1338
742
1722
452
1335
1172
1073
650
-1683
-410
-475
-937
-1690
-749
319
763
1726
1770
1054
443
1739
1000
-97
1472
-472
-838
1170
375
-638
1551
-1307
-1840
-1423
255
120
1086
-1423
-1753
-382
584
-1258
-1648
1217
783
-205
-959
1377
1480
-1352
-330
-108
1824
803
-1283
-658
1948
-844
-63
1269
542
1982
1332
-1267
728
1034
1316
-1892
26
-1182
-1072
1695
-1398
-714
1813
-1447
-85
-601
1675
299
287
-624
-507
-1760
1003
1220
925
-1757
-1754
-1120
1057
-1894
-1137
213
1193
-1054
1466
-1030
331
-934
1558
-388
1520
-234
1876
1094
1067
91
889
-555
-1000
937
-483
-635
-937
1251
-1667
1859
823
974
1334
1931
-1516
-512
1172
217
494
353
-100
209
-605
1688
589
-1467
1480
-881
237
-1089
-161
-701
-623
-710
1902
-656
1081
1539
1578
-1321
-1527
-1318
1522
-1092
218
-85
939
1261
-1437
278
289
473
1604
-1173
-1589
1455
-883
65
1734
-830
210
-178
1961
-863
-646
-1417
-534
1530
327
465
610
-1789
1579
301
1556
1577
-1388
-8
-1290
1918
-1899
1894
-152
1099
1059
-538
193
1319
1343
-569
103
-1217
1830
55
88
-649
-239
812
-1278
-955
-1674
-24
9
1896
262
112
1120
626
-1877
-1447
1989
826
646
-740
1695
-759
1038
-1271
688
753
206
1446
1456
1108
1921
-1380
-23
-512
-916
-919
1054
605
-1858
684
249
-1620
1292
1208
-291
-1444
-161
1384
1449
1729
-777
1459
1617
-1558
1472
1072
-1807
364
-1265
1063
1436
705
-1580
-1212
-1871
-1543
-783
402
-1524
844
1663
-985
1738
-729
437
-1869
1686
858
-1570
1903
655
4
-223
226
312
88
-154
-1673
948
-1866
-364
-1019
133
-693
1865
1746
672
929
-1213
-552
-1029
-1390
1000
381
-927
1523
591
442
-753
5
381
853
1719
-1875
733
279
-1884
1465
-249
-209
-901
121
-439
847
-1230
-927
768
-779
-1473
-769
1153
804
-797
-453
965
-1297
770
1846
197
615
1754
1029
1825
-1081
-1150
-1442
-1744
-729
409
644
167
868
380
-444
749
1447
1496
1022
-531
-1313
-304
290
114
1132
-1025
-607
-322
1656
900
919
1303
-793
-1121
1844
833
-73
-1304
1812
-1044
-1418
1436
1374
1319
-162
48
-1685
-1818
-742
-1209
-524
1520
-475
315
-1493
-334
757
-1296
-1544
-1321
-390
-205
-453
1265
1386
-981
-1438
1048
-1866
575
732
-811
1979
-1120
-1445
-148
704
955
-1886
-658
636
1059
358
-1373
470
-1121
-1137
-789
-854
1861
-640
-1267
-1304
-690
-513
662
-1426
-53
-924
45
-1632
-1268
45
-561
-1402
1798
1605
-1358
244
1200
-278
1902
1296
743
-288
655
-1025
840
1488
970
-903
-219
-1592
-291
-1054
-1897
-1510
-587
-743
149
1701
453
-794
-677
1484
-1653
1642
-1835
1590
653
-1800
764
39
-1471
-1208
-1557
-1453
793
-372
-721
814
1774
1720
1301
-165
1266
394
289
1308
1500
-1226
1985
-1142
-807
-723
-1747
-695
-210
1504
1737
-1643
-725
-477
-333
1515
-37
746
1341
1848
-1495
614
-1746
-1885
-186
-1871
8
-1873
1800
1898
-23
-111
923
-1225
-1455
-1740
-940
-175
-1151
-1735
352
-1141
-954
379
703
-620
1956
649
879
1226
1387
-1463
243
-99
311
1298
1924
-862
1564
867
-1383
1288
1682
1209
1329
-748
-1246
-622
-90
-1462
184
-513
-1056
332
-888
-1676
-913
1894
1699
1777
258
-898
1730
-375
-1746
263
1238
-1435
667
-924
84
-432
1887
349
1886
-344
-783
-1205
1944
-260
741
1218
-1718
907
-214
-1633
-1661
-1854
87
-1280
-45
-751
1400
-1230
-316
203
1380
-1523
1025
582
-609
476
1690
614
-1681
898
1
929
-1472
-1112
-405
-1127
-993
1924
1854
921
601
295
-841
-1262
826
1676
1050
1609
618
-140
214
-428
-333
105
1472
1372
184
175
623
1326
-871
-1533
-1600
1328
467
593
-1449
-1759
-1281
173
-516
-1229
-381
-792
-1177
1827
-1367
433
-488
1667
-1843
400
730
-1382
-1477
-659
-1195
-289
-274
144
1235
-927
-745
-1224
-1755
-862
100
151
-1394
-1341
-1279
1853
-1615
806
653
802
314
1541
-1717
1406
667
1869
92
1661
1610
1698
-341
-677
847
1968
-858
-899
1514
368
-1755
-1411
-838
834
-321
773
-1089
178
-787
-1342
-1246
1465
-1532
1614
815
758
-747
-570
1674
88
300
120
1940
-548
-523
371
-141
-616
-904
-1611
1900
539
-437
-1223
-1872
-608
-1898
-1646
-225
1988
-1235
1683
-1238
-1144
-1122
1876
743
1238
1358
-576
962
1046
-1090
166
349
-171
1067
1628
1676
-652
1048
-482
367
692
-525
-1711
778
-1831
391
-1790
1974
1458
-1737
-1262
1981
524
-34
-1885
1709
-342
122
-1279
-524
990
597
1129
638
-1207
1700
-574
1376
1098
28
1262
246
599
-1257
-703
-645
-964
-997
1186
-49
-1068
805
1152
-1255
-1783
1298
1373
-1429
-1111
-68
-1126
-1513
-759
-432
-1596
-866
-509
-546
-818
-615
-461
-856
1149
-408
1867
-341
1940
1723
-478
-1383
1528
1635
-1239
-971
-1522
-4
1543
568
-1554
-1534
260
1722
31
653
-1862
1290
-13
-1084
938
-1682
-1656
-961
-1713
184
-959
-781
-1368
-650
523
672
708
1728
790
-1670
757
409
414
-1671
1850
-631
1711
-405
1536
-1878
1796
1565
-1407
912
359
171
175
1910
-501
725
-786
1793
1434
-1742
-1520
-30
-536
1355
-1016
-1521
-1161
7
573
-172
-729
1325
1936
-882
691
316
1067
-1308
1329
-1737
1413
736
1674
1782
-965
1788
1485
1
483
-256
-1777
-1492
-98
599
-1329
-102
-300
1243
-647
364
1529
-529
503
826
154
1071
-1262
441
971
-838
-181
-522
-1647
1197
-848
-612
1338
1517
-288
143
848
1570
1256
1136
-1197
-83
-1394
-113
-1325
204
697
-106
468
343
1963
1796
1084
-323
-1894
1320
-770
1930
930
-411
-1136
-850
124
-856
322
424
539
-265
-736
-452
1722
785
257
275
620
1031
-866
-1115
1916
1023
1386
875
122
1301
1091
-222
1896
667
187
-545
1266
-155
1546
193
-1871
1848
728
1576
1106
-341
1907
-290
-826
1021
1966
261
557
382
-1210
-1194
-1396
461
525
-300
-97
274
704
670
968
1232
-1161
-643
231
-1823
-542
189
52
508
1839
-66
744
624
-1786
-747
-649
-474
1682
1973
1923
1709
-647
434
793
-145
1764
140
215
-1893
-78
-829
182
-511
1697
101
-1055
26
-1
1068
203
-1356
-580
275
1484
-295
-1574
-1268
516
-357
-909
18
-107
1455
1733
1072
819
-559
23
-974
831
1906
-1516
1600
-1745
1925
-443
1516
-987
-1303
782
1339
844
474
840
-1122
1507
-1731
1421
-1712
-656
1645
-1201
-1066
-1284
-1278
1714
836
1720
1518
650
-788
279
-1826
-303
-1619
756
868
976
468
-1652
1762
-851
-46
1449
1782
-1571
855
-457
-862
1425
1955
1282
-1332
-561
-1520
262
-1875
1431
1051
-426
-262
-166
785
-1469
971
-872
-398
1574
80
92
771
503
-1115
-1890
41
1609
1273
445
628
-461
-343
-337
-1157
1756
824
467
1228
196
672
777
318
-822
-1170
1965
-120
961
1832
1226
1053
-1562
465
-621
-1014
-987
-1300
-1585
-1573
1984
885
-356
1622
40
-1822
176
-362
224
-1793
204
-104
892
1776
-1221
-73
1657
1512
-915
-345
-692
1746
-1231
-1779
192
662
-314
-1815
-717
624
48
-637
-455
674
952
-1889
1304
1440
-871
461
-673
-436
-1104
-663
1486
686
-1562
-898
1152
1861
1524
99
-1596
1505
566
-1328
1676
-1269
-1631
1543
1803
-582
1476
-1099
-1471
-1419
-1541
-542
-1120
-1165
-101
-1249
29
-1502
-1319
1811
-820
-996
-545
410
724
550
535
1752
754
-1308
1131
388
1381
-1381
702
-1855
-1203
596
-176
-1867
-844
-678
-612
1102
1806
856
225
-930
-509
-84
1927
804
1487
-66
1040
-1212
-471
-896
1224
-1148
933
-132
1446
376
810
1303
1768
-1377
1706
1323
-1090
-816
-156
-568
-1020
-1480
1331
162
-182
-1347
596
-1468
-1357
-761
1759
-1110
-1471
10
-294
-806
472
-1352
1284
-84
490
-766
-441
1232
-767
-1430
-1630
961
1308
426
-1854
-615
-1185
1484
-1425
202
-419
285
-514
1246
743
1615
676
-819
535
430
-654
288
618
1181
-1005
-124
-343
-1513
844
-1175
1275
-109
1220
-901
1172
750
1108
-1322
1933
1777
-500
1582
-1698
-40
977
1007
-1816
316
-1028
414
-450
-875
-82
567
157
637
799
-562
-1790
587
-600
-1635
-185
-1712
169
20
1736
1805
551
962
1770
153
-78
4
1996
962
1494
-499
937
330
-895
-140
354
-1210
1981
-799
1512
-1680
396
-985
-243
642
-160
-1826
-1854
-216
-1279
-1245
1515
1172
-1215
1298
-1019
1415
-314
1715
510
-172
931
794
220
737
1908
615
260
228
441
1375
1948
854
-95
1328
1634
-795
-1009
-695
-157
-922
-946
1700
-1006
1406
709
1233
1156
220
551
-1719
700
-1571
1072
1915
-1319
1881
-868
193
-1852
422
569
1586
-1642
80
396
-1391
652
-1058
312
-368
545
-1605
1347
-227
-1337
1737
668
-1204
789
526
-16
-285
-738
-1793
-1485
1663
-250
-821
-871
1343
-298
1230
-1893
1825
287
457
-31
-1710
-83
-1671
475
-862
-693
-647
-356
705
682
-421
657
-1722
388
-272
704
1491
189
388
1801
301
-501
1313
-397
454
1794
1686
1048
-854
-883
1065
1656
1155
607
-967
1825
270
1941
844
-35
125
-1188
1144
1050
-38
1917
-1281
-33
-1647
26
1461
-180
-915
388
1797
1702
-1029
166
-1058
1710
1927
1293
515
1474
1252
1132
839
-1367
1725
-640
306
1941
-1291
-614
1390
1886
1763
1965
1784
-482
1127
1827
-76
742
-922
-424
40
1555
-934
-43
-1550
-654
436
-591
1732
1518
-731
913
1724
1716
349
-645
1053
436
1489
-766
-1104
-1078
120
-934
-1601
-1370
368
-802
-1212
1403
-1675
123
-1154
729
-1390
886
-1053
554
-1498
-1455
1490
331
490
1105
-686
-1340
1455
-635
1604
-300
-273
1927
-408
811
-634
622
-122
1371
836
1566
364
1762
-445
-321
1146
326
1915
1610
-488
837
624
-1271
1671
1932
1152
295
-1702
1326
-275
-812
-1287
255
-412
637
-61
1406
1530
-143
1696
-493
1249
37
-858
-898
-715
-1818
1242
-855
743
130
-1839
-1294
-1502
797
298
-1513
1616
-46
357
1796
479
712
1581
-1639
1043
-426
1409
-1700
1432
-313
1877
-1418
382
1949
1195
-169
1124
-931
-1448
-193
1138
1079
-1812
-1779
-222
-1114
-1224
-1404
-1225
314
1705
1421
-340
560
378
-1259
1142
1616
1054
-1862
1002
1717
1686
-1642
1970
-138
-1081
-513
1364
-1280
-421
683
206
-1861
1987
-127
-1270
1769
1889
1582
-1895
-748
1400
691
-374
-468
-921
247
-356
591
-1805
-1744
779
494
257
-1674
-1098
-1080
1698
-1634
-174
-876
1552
1595
281
1640
-957
-1051
188
-1415
-726
-1489
-1126
-1617
-852
238
1941
-1432
125
1956
1882
-103
-517
-1554
1613
1912
1535
231
1321
-393
-1265
380
117
-1807
1256
1107
1014
-1892
-579
6
-91
-1375
-866
-837
1182
-576
704
-1188
59
-289
276
1996
-1829
-1769
-1005
-461
-155
-973
1857
408
-511
918
-1593
1561
1170
1441
1023
-16
45
-1337
-210
-638
212
1783
-1645
1439
-324
-176
-1662
1367
81
-1324
1921
1222
1752
-573
-1133
1182
56
1451
1039
414
-409
398
-853
1260
-1386
1508
-1798
-1377
997
-700
-1033
27
-1279
-1484
-1116
-1537
1814
-169
134
790
558
-858
-383
-1062
-1433
213
-828
828
1828
-1619
-1877
-1356
-1666
1824
-768
824
-1121
1785
167
960
-763
799
990
-1123
-775
1678
814
-45
1582
-150
-27
-1722
-243
1282
-1701
38
1443
-868
659
-1505
-1155
-1748
1076
-1775
1546
606
-551
-1812
-859
-1556
-1664
817
-567
-1259
642
657
-1894
1389
-616
1839
1443
-961
1200
-1021
1916
-673
367
-804
-284
1394
-1272
-1824
-1360
57
-762
1170
1950
856
-372
51
1359
-1709
-1586
-372
318
-1327
1378
238
-1799
-951
490
-880
-501
-1834
-1239
674
-1250
1523
-953
-212
1374
-1821
1503
345
-768
-1883
1135
1912
-712
823
-585
-513
1830
-1275
-1403
966
-386
-568
737
-1125
-913
1322
1707
-954
1902
-42
502
-337
-1598
-1270
909
-972
436
-1108
629
-1391
-1298
133
753
1699
-117
-631
-490
1848
1536
-129
1738
1572
-912
-615
-1360
1411
1564
-780
-1032
-1767
1141
-1659
493
-1415
-24
-936
-1412
1417
1672
61
1846
1399
1909
-1479
184
744
-226
342
-1468
1610
-1894
1863
1414
792
1001
1868
-841
-328
-1449
-1128
-823
393
-1712
667
728
1971
-1189
-1136
-1534
-1567
-1147
-1373
-1267
266
-190
1323
1521
-505
1848
-1590
1633
1244
-718
1281
634
678
560
1014
1912
132
-25
874
-1270
-79
352
400
-1674
-570
1409
1095
-1213
653
924
1942
1320
918
475
-1694
-1888
-392
1002
1164
-1795
1603
-1751
-125
1397
-1684
-1856
1154
1459
-467
703
-424
-1544
-1361
1440
-572
543
-132
-1138
497
319
1642
328
-1897
-149
-580
1580
-856
1800
1087
1432
-271
1300
633
-1404
-1836
681
429
-1176
898
1982
-887
960
1645
627
-95
622
-187
451
-349
1954
1386
1217
-1045
1972
200
36
-1184
-7
-660
-770
880
1162
1799
1446
-1863
-1005
-1845
-217
670
-1168
-764
-1626
1720
569
1072
821
-158
578
-1263
-1377
1224
691
-295
1639
-1399
-319
1479
-971
1906
-1593
-1128
-1743
-210
-957
272
491
-184
-222
-242
-1306
1100
766
-141
-1594
-14
-1676
-568
-93
630
-243
-1599
254
-1083
-1633
945
1656
-366
-1468
-1665
239
969
-1300
746
-322
-1095
-1642
1675
1421
-291
758
-519
-1864
-1443
865
-1741
1810
-34
1889
574
1654
-946
-1596
1917
380
-1272
538
703
1208
112
-786
-909
-1830
-1693
-54
-721
-648
767
-490
-1369
553
-504
217
-824
257
-586
-658
1393
964
-179
357
-68
-206
947
1682
-1469
921
-1208
-444
-1444
1137
763
1080
-738
-1747
689
1918
1498
-1096
-169
-1802
803
1204
-1513
1278
94
-1669
-798
-1675
-1186
-29
-650
-442
407
-367
1653
1470
-699
672
-1541
-534
-58
-1021
1453
-606
1780
-682
982
-1045
894
-587
483
-1432
-801
-1701
-783
-1121
1002
1653
-759
-862
-524
937
825
-206
-1604
423
1177
1221
-63
-10
1099
451
-70
-1866
1368
-1230
-371
-437
1202
796
-533
1633
1813
310
-1480
433
-513
1817
-968
1348
1974
-1326
-1236
752
1176
-1461
-767
229
775
1955
-583
-1654
-673
353
-75
-128
781
1209
769
526
-809
1777
893
519
326
-1236
1732
752
-1390
194
1748
332
340
1893
1487
773
1837
1040
-470
1613
-1611
372
462
-1418
325
1708
-554
-357
1974
565
984
-1533
128
1633
9
1787
1305
1639
-1623
1720
-1019
-965
1437
-612
-1124
26
475
1848
-549
-1511
1511
-251
1620
-1360
1001
1981
1244
-1368
-1891
-952
1508
291
-1245
674
-791
-1022
1649
-218
-1858
-106
155
1712
1411
320
-1764
456
-800
-949
633
-1034
194
1256
-1809
649
1437
1626
-456
801
1340
508
808
-708
537
1153
1887
-1121
1588
-1251
1304
128
-568
-1547
-1884
556
1690
582
-1335
1300
1825
1504
-133
1240
-1317
-1752
1881
1858
326
1121
679
107
-1169
-1006
1328
348
502
1971
1615
982
-34
1688
-1746
1415
-1859
-1164
-1493
1418
1653
940
-1840
-1545
-879
-1506
1512
-1158
888
1146
-1374
1035
-1203
614
-462
1351
1616
107
-1439
1206
-868
-1032
78
-969
-1703
-894
1284
1188
506
216
543
-270
-1299
1341
-120
-1852
-65
-932
-749
-990
-444
1204
-1376
-326
958
177
322
-923
307
1870
1903
1533
1572
896
498
-1480
-1412
-430
-216
111
-382
923
-1755
229
-172
599
-809
-1583
-1157
-482
660
-670
-632
-1110
-1782
-643
1136
1662
232
1368
-295
-1596
1449
148
-779
-1586
-563
1480
356
432
-406
-1880
-273
916
1263
-99
-696
1383
56
-840
-243
1325
-1639
1710
301
1577
68
401
250
-1080
1839
990
1275
-1643
1149
345
1991
1010
-273
1833
1539
-1551
1205
-1000
-1029
-621
76
207
-308
-990
-1022
-1203
1752
-1310
682
-1364
533
1486
-366
1568
-1042
-1490
-1059
1907
234
410
-47
-56
771
-809
-1741
1369
1379
-1795
-183
417
-703
1392
1071
-901
1197
-480
1548
-1386
-353
1226
-1552
765
-1753
-1295
1168
-762
1485
-1733
-210
-1116
806
-1766
-1293
-1266
271
-587
-1185
426
-1780
1514
-1645
-560
755
-1109
-1090
636
-745
-1256
-1484
-117
-1139
217
-411
544
-774
-1284
1187
1320
1494
783
-934
1538
1312
877
284
-504
-377
298
473
99
156
1344
856
464
1764
-418
1855
558
9
-402
1753
-503
-969
914
-1101
-1855
887
-1309
1378
-1815
1515
-1683
-707
1111
-721
1177
1161
344
-45
1694
-1761
-706
-1784
-663
-10
-106
-261
-951
1050
-1122
-211
1138
-632
-430
-1642
1523
-211
-181
-1698
770
1895
-977
1091
220
-1448
-1754
201
1799
518
-240
-665
-1245
269
-1351
-334
-1612
-1121
1577
-674
260
-436
-246
-1619
-52
882
-463
1754
-584
-1525
-1422
862
93
60
-1058
-606
270
1145
-1008
625
-620
950
697
-540
786
-331
-803
363
-347
-315
560
-179
-1232
-1881
1557
-893
-712
355
1904
-912
483
1403
-618
-881
-1016
1744
975
1221
-969
323
470
794
1333
-1455
1861
-1719
900
-726
1096
613
1251
-135
98
-1800
1707
-1798
1908
1650
1499
-926
277
286
474
1503
1379
1725
608
64
341
547
-1050
1718
887
-1246
-881
-1793
1944
-104
-586
-1072
-1101
-347
1398
860
-1338
-445
-20
-187
641
1824
-1113
632
-935
-1753
436
1541
631
-508
-919
1436
-194
-1304
-197
-37
1215
-1210
1550
-1049
185
1812
1701
-1063
1582
314
1477
-1541
-1466
541
-1616
1135
255
597
-1531
-1048
1924
892
-1338
-1107
1464
-1561
-862
-1609
1012
-1084
-132
-1206
1268
-1254
1983
680
695
-23
-751
-1678
-1139
834
-416
497
1023
142
-1089
-196
-889
865
-1806
-1617
-1100
1390
-1019
946
-1281
225
-732
-1210
1254
-982
-1524
173
-166
-268
-118
1074
0
-745
769
-1047
-1781
1591
1060
-147
269
-1521
1415
1606
1684
19
1569
-1716
-1745
-429
1132
826
-249
-1521
1628
-756
-382
-477
-473
1855
812
231
-1095
-1391
1012
-1344
-961
247
-492
-94
1892
-1738
-1282
-375
777
-1410
506
643
1648
392
-1218
405
1762
1388
-1392
1371
-1363
669
-1301
790
1530
-632
843
1470
1840
1966
629
838
542
1946
-341
521
966
565
-753
-358
239
-1812
1818
-697
390
-208
1587
874
1168
930
-385
1389
1227
-531
674
1952
1197
-196
-1189
414
1288
-56
698
-1144
-500
-651
1335
1724
837
-308
-1376
1319
-444
-1655
-1874
-1442
961
-48
296
124
-859
1720
-202
374
906
194
1170
-1607
1584
18
32
1613
-3
-928
802
1091
103
867
-1529
-203
-1630
608
870
1523
-1805
-1547
-894
1433
399
-872
-1697
1303
-211
-742
-1084
1273
991
752
-683
1822
-1510
967
-1034
-71
-1330
-625
1338
863
889
168
1943
-337
1131
-556
1638
776
1504
1062
-800
-1330
-906
1847
-967
-1765
-1226
1884
979
-528
-701
1209
-93
484
1194
1000
-688
1134
1927
-1840
-885
78
-623
-1469
-965
1238
464
951
-1324
-1784
1251
1899
1417
-1579
1278
1248
-1308
155
-367
-1180
1985
1283
792
1112
737
304
-1701
1802
-154
1839
-321
156
1114
-913
-1326
741
202
-525
-918
-1330
-1277
1498
-1724
158
1712
1405
1364
-1327
1490
1904
1973
1143
-27
-1781
1676
-1170
-1878
-794
1489
-626
-606
1162
881
-1558
-1333
1512
-815
-74
11
515
-912
1395
1761
-824
1663
-1426
-1070
-963
1207
-582
-1244
1929
829
-516
-447
-1536
1246
1659
1752
247
643
1385
-1672
1565
395
1887
73
-337
-577
-1602
639
240
1418
-1385
-1731
1867
337
1616
473
563
855
-672
711
-1
1713
-1673
794
-1147
509
-455
-1306
1062
-469
-861
33
-1409
998
-1748
-1029
-841
-1322
-1479
-81
1149
-1544
-709
-353
-705
-358
551
-1000
-552
-1678
1393
18
-918
1402
-766
65
-1336
431
371
-223
-1535
-68
-1505
-771
-1796
1020
1307
-1032
1277
-1756
65
1883
1890
324
1996
564
-1174
1516
596
-315
903
12
-481
395
-413
1585
563
-1424
-248
-471
1432
1424
22
-1717
-222
-601
-1232
-176
463
1225
404
1109
-1852
597
799
-1815
-557
-1286
-165
424
882
238
382
638
-145
94
772
-229
889
1671
-155
582
-1818
1994
146
-846
-1049
-1174
277
-133
-1557
1851
-470
-561
-1654
-981
-420
1318
898
38
-1219
-1694
1083
-947
-1162
-1191
1976
-1238
-338
477
-1792
-561
-1682
820
1291
-893
-221
281
-803
1934
1283
-682
691
-1795
1736
430
-19
807
-1805
97
254
1013
548
360
-901
1932
-1862
1302
1348
879
-903
480
953
-1377
-834
1767
-931
-115
1353
-994
496
-959
-1006
137
-705
1744
921
1279
-1392
-54
-852
348
-1154
-339
-1290
-1316
-1895
606
-1867
-914
1874
-1371
-1098
1814
-1780
-1577
169
-1031
609
1576
518
1466
1754
-261
-1649
-1468
-805
1408
370
842
243
814
398
-570
-1704
635
-207
1767
-1588
500
-256
1857
242
125
-1614
-1244
1191
1035
-1135
1488
-1314
-1800
-144
320
-443
-913
893
513
174
-1730
-735
-1069
-957
-282
1736
260
1920
-442
-291
80
1152
92
-997
-60
745
1676
1456
1958
1654
1375
883
-444
974
-937
1817
-698
-1428
-1160
-1557
261
-1087
-913
1956
-1836
-926
1765
-679
-1372
477
-1542
486
695
-1748
1374
1188
-1060
1307
1341
98
-1059
47
-1513
706
-1317
656
324
1669
-1584
868
-162
1117
1309
-166
-562
160
845
-669
733
-876
-310
1614
-1228
1708
-1779
774
1647
-1812
436
-1778
-1203
1052
-119
1465
-40
1690
-1087
-1601
1301
1686
240
-1526
584
1011
-1338
695
134
-439
-1775
-310
-1252
184
1851
-210
-1226
20
-1348
547
-1308
-141
277
396
486
-1639
1737
1453
-470
-13
1972
-1440
789
-1204
1561
-224
91
-1254
-579
527
292
1612
1257
573
1607
-1511
833
129
410
-1508
-902
-1368
4
1309
594
1139
1451
-1634
1384
-1323
-1258
1650
784
-217
-1707
534
-1228
-412
345
-925
-1768
612
-1494
-1576
1113
269
-1751
1887
1360
68
-213
1823
534
1365
1452
-92
-443
1604
1623
-1402
164
-807
1093
1622
-1127
1163
103
1534
601
1455
1148
-1759
-1319
692
-237
96
-1852
-1760
-1676
-628
-1572
808
-68
1096
-6
1902
-1598
1954
-804
817
-738
-320
-382
-1222
-101
1103
-209
-861
-748
-615
-827
-1760
975
1318
-963
118
-1785
828
-974
-267
-526
-482
1518
-479
-675
-567
881
1890
593
1937
-1535
-1533
977
1967
868
-401
-1704
-305
-649
1424
-662
-1487
-1439
1304
512
-635
896
-805
-534
1961
-1406
1637
1440
-442
-690
-1616
-390
1876
-753
-835
580
1
546
1579
-906
-1364
1189
448
1051
1243
-54
1003
138
1143
523
1131
-173
685
-245
912
1884
1252
-1348
547
-421
-654
-1411
-1858
539
-944
-448
827
83
-1655
-589
715
732
486
-1755
1649
1430
-1332
-1708
442
-1599
-33
-376
-95
-536
-520
-1841
-744
-1347
1520
205
-926
1754
-1279
-23
-124
534
-1897
1731
-970
412
1125
1568
366
-1032
1226
-225
1822
-477
1909
-1070
1021
1517
913
830
-353
-934
-1528
-1137
-1375
-631
429
-280
-1088
969
-632
1264
1811
1593
-538
1331
-1776
1195
226
-1110
-724
520
-1073
991
468
-1712
530
207
362
36
-1481
-452
-652
-1687
98
-92
1993
171
-1301
335
-794
24
1260
1142
1524
-1338
986
-1205
1852
1341
-1337
-623
-519
-1675
-555
-1016
-1177
-1784
615
665
-201
1858
214
78
1215
782
1242
1497
1763
-1143
-763
361
1942
-1843
652
-1054
-1811
863
1758
1184
1983
382
-102
-1456
12
-408
1221
1578
501
-1045
-412
1333
-1771
-867
1366
765
-643
-1439
414
-1222
753
1865
-1699
1472
-1292
-345
-731
-443
-1170
952
-219
-1897
1020
-421
-883
1349
796
1923
982
-323
-248
-1304
146
983
-1002
834
-1660
733
-1646
910
399
54
1176
-644
1608
997
118
-1207
-1309
-1824
1165
-233
1102
196
394
-352
1813
-1172
-1333
712
1237
-1506
1492
1074
847
937
593
-1127
1648
1166
1092
1914
-1018
-994
177
207
-486
-1792
-1162
1986
-296
-476
-1694
-1630
-1048
-763
533
-1271
536
-953
-364
-1647
406
1555
1847
1202
1568
55
1277
322
1655
-1659
1225
132
326
1736
-619
-692
1577
776
54
526
620
742
1879
-1348
573
-761
995
793
1306
-412
-1556
-1211
-245
-1578
160
1514
1655
-1116
633
-1020
265
-157
408
743
-630
1885
-1332
1657
591
-1874
-1161
-536
689
-52
-1616
-1171
540
213
1328
364
998
-1535
-763
1942
-1384
680
854
1693
1368
-1212
-1276
351
-919
944
-1744
814
-1196
1959
-696
-684
167
1037
-484
-1157
-461
818
-289
738
-1856
-1735
-611
1932
-160
1535
769
1283
-420
-261
1957
297
307
-375
-482
1960
1682
-185
-1401
1227
-1311
1161
-1220
563
1902
1737
-1076
-1172
-221
-824
1441
-121
1641
-2
325
540
-1353
14
1758
-1434
-878
550
-1465
422
-1372
1352
-819
-24
-144
801
-1673
360
-689
-752
-20
-1040
-1589
803
-1384
-1848
-247
316
-617
-770
-892
-1742
869
1306
-1631
-399
852
-455
1341
411
1907
-1624
1041
1736
-52
1117
-226
579
-501
1505
577
1977
1567
258
-1580
1294
-1046
-1532
1144
-724
-21
-392
5
1816
175
1511
1450
-97
218
-549
1427
-182
1870
1640
1507
-1058
-1617
555
-797
251
239
-824
-493
1778
1649
339
-1338
-251
-213
537
-40
1489
1706
-1488
-257
330
1347
-519
315
-774
-223
1923
-1248
321
-457
629
-66
355
-1193
-1667
-428
-1013
1776
1507
596
-946
-503
615
-477
-1232
1292
-1766
-737
967
1720
562
884
-1660
-114
179
-1142
-1808
-1757
-203
-1292
-766
-1060
-128
-248
-609
660
1607
535
-359
245
-1151
-1085
-158
169
1954
841
450
1815
-1790
1070
1781
907
1169
598
702
1319
-1308
73
1797
1565
95
545
1643
-625
772
-1520
878
1181
-1119
1389
-1267
-310
-1317
686
1385
-1253
-1601
662
351
1317
-1711
626
-970
554
387
522
585
-426
-966
1587
1608
-256
-1764
-294
-1347
1955
-1768
1537
-1399
800
-1309
9
1054
435
-1468
65
1038
480
-1195
1945
539
-6
-1668
1505
204
607
-725
1860
-641
1430
1252
-492
343
1801
-687
111
1023
-976
217
1456
1864
-1180
-125
721
-1747
-175
-809
630
-1260
1480
1404
1622
1583
-323
-1181
-205
-1730
-545
-1725
1449
-347
-1052
-1659
405
-647
14
1191
-572
1310
-1549
1199
-413
-434
-1087
-901
-780
-1504
1749
123
1959
192
-189
389
348
-410
519
-822
-864
-207
-1110
931
461
-1583
-457
-281
1606
-969
1119
-875
-1106
-1379
-236
-587
1043
-1279
580
-1170
449
-1393
361
-659
1989
-1832
833
-232
-1093
-858
-364
-1900
-1068
600
-547
-87
404
608
-707
787
-591
-1051
-1628
1622
-1130
1225
380
-682
36
607
1143
-152
1155
-919
1516
-1266
197
877
1439
17
1770
1977
-1642
1243
1208
1412
-1621
250
858
-1197
-1563
-1256
-1287
-660
730
-1882
-469
-89
-1777
1752
-3
-298
372
-1374
1691
-352
339
1600
1813
-1703
-1558
1620
263
1131
653
-1880
-1091
455
1724
1529
-439
1445
-206
1866
-349
-1487
-1862
-272
960
871
-295
116
-177
-613
335
-1302
1380
1722
284
-530
511
-1572
-1889
935
1844
696
-422
-367
621
-429
-239
-163
-1615
1303
-1713
-1542
-1815
-28
-1152
1528
147
-226
-1346
-997
1039
-222
-576
221
1761
485
169
1043
510
-1214
1369
-277
959
-242
-1460
1277
-1648
696
313
-475
-703
-766
-1541
-1782
-1671
-125
106
419
-1330
736
1809
-1125
-675
-679
-437
250
1229
1420
-1679
1146
504
718
-289
1968
-937
1121
1313
-1898
-327
-1404
-1870
-1575
1941
-1184
138
-314
1363
-261
-1039
1576
-1188
223
-997
78
471
583
318
487
-462
1316
1180
1537
1087
-138
1655
1689
-1199
940
-854
-41
805
1205
-12
1451
-1078
186
-338
-1411
-1118
-404
-879
-463
85
1923
-390
973
-1444
-1677
613
-858
-97
885
1135
-453
-1510
-1401
928
619
-1686
-563
848
695
702
838
-1725
-1790
-393
-524
19
-922
-1048
-401
-727
175
-981
578
-1563
176
-1103
493
1123
-906
96
-740
438
-553
1011
-1475
-1129
425
625
-668
132
1675
-752
-885
-680
1585
1822
-403
-1271
-1758
-1457
-397
1904
1234
-707
-1506
200
1177
1799
385
1433
-1448
254
-1811
-1788
-722
-924
916
1781
-1781
1957
1274
755
969
527
1895
1385
98
-1116
1360
-1839
-146
1547
-1735
-1661
-330
1103
-756
146
280
328
-580
-572
-1830
1710
1565
1123
489
1820
800
-60
1089
737
33
1967
-1883
1476
-1196
-1649
1443
-55
59
1367
944
-1890
-330
1280
-660
-432
140
862
526
1690
1660
-554
680
1629
30
-223
-1021
-12
-392
1966
1339
1999
1893
717
1743
950
-174
548
1685
657
356
-1466
-1078
885
-1190
67
1205
-235
-163
1154
-14
1348
1272
-774
885
-336
1418
1841
1060
-1889
1486
1051
760
-471
-903
1476
1637
1980
-880
338
-1886
-497
1728
88
-1322
-358
-162
499
1175
-837
1356
-719
515
1639
-834
728
-1635
1577
-1320
1752
-413
522
240
624
-1806
-1027
-1654
-1407
-848
-419
-1566
-136
1465
-656
1361
240
1875
-180
429
-1847
-167
-247
1667
423
1542
-440
-57
-923
548
858
-1765
-549
226
-596
-470
885
1520
-66
1499
-1323
1748
-164
-1146
1249
-1514
-61
-924
1883
-55
619
-1703
-1652
1569
1953
291
-1435
379
-633
-1794
761
1928
581
-1268
1759
1934
-1894
-1670
-1456
733
338
-952
676
155
-307
1086
542
1365
1140
931
-357
54
757
1813
-263
-1269
-1826
1718
585
-903
1980
-184
124
1925
-1589
944
-533
790
-742
-1680
-57
1100
-600
16
1909
919
51
1924
-757
-1817
493
650
-1807
-669
-1481
-1444
-432
-1645
-1006
-46
-470
1394
959
-1140
915
729
991
1092
1557
1254
23
1879
1824
-914
844
-502
-111
-1865
-990
-1843
1839
1627
-1746
1030
-444
-668
-1203
1812
1055
-1878
1280
1128
515
673
502
449
816
63
-289
332
-1543
339
1875
-110
-1819
1901
-331
509
1827
1176
638
-1835
1747
533
1201
650
136
1659
1074
-70
866
-1438
1794
-1702
-847
-1808
351
407
992
839
304
-782
-444
-1413
1754
1362
-816
655
968
161
1975
-1859
-599
-845
1613
882
86
1443
565
-995
1656
1408
1577
18
1926
1006
-1375
793
238
1348
-605
592
-40
-733
310
180
-1786
880
-1876
380
1941
-1145
-425
364
1060
376
-856
-953
1083
-1
73
459
328
-1758
-405
-715
75
-1606
-1260
-1222
-105
600
-1713
683
-1801
1827
-1766
1678
423
-1044
-774
-1887
1130
494
-975
1634
-718
591
276
1802
1046
1367
-1806
-461
415
-1620
-1105
565
-996
88
1923
-1418
1079
-720
1916
655
-1330
801
1184
245
-889
1281
-967
1566
696
-982
-652
-1451
887
176
-1825
-37
-43
-1439
-73
1303
-304
-367
-119
-1365
-193
1848
244
-1886
1800
-1805
-1769
1342
387
-1561
576
-1729
1993
1430
654
1170
224
1596
-1207
1471
1680
-241
-1062
-640
1852
1783
-1085
1497
-1512
-986
1814
-1667
-1304
-71
-453
1915
-580
508
-163
927
-963
-1501
1915
1934
1734
1847
1893
997
1971
-125
-553
-190
-215
348
1627
1717
-795
-1670
920
1766
1630
1351
958
1567
-1493
-388
931
1386
-1671
1184
-1459
973
-1288
-128
1963
-410
-479
1303
-475
-558
683
-42
-685
-1560
-432
-1701
74
-1471
110
-908
769
-219
866
1119
-85
1718
-1808
1538
1360
-1265
-285
1235
456
1348
-1308
685
-48
303
-558
-1019
-743
361
-842
-580
159
64
1141
804
-1594
-1629
1601
-1202
-1094
588
922
-1821
1660
-337
-473
-317
1945
-1802
-334
-1216
-839
-1002
1359
1280
-1889
989
684
301
357
-236
-1410
-667
200
629
-1124
1834
-431
1783
-1741
-1011
910
-798
538
-126
-1254
-355
599
1456
-923
-186
-1690
-852
-1659
836
-661
-1795
-630
1601
-1015
454
-1822
565
-633
1296
-165
365
1652
1508
-1468
-761
276
-817
-1626
-1004
-1535
1388
1245
1445
1760
1929
-848
-898
-1143
-1383
551
-1544
-390
253
-582
-1710
-632
1550
1018
1599
1245
-1346
1575
-404
-1880
-1561
-438
825
-577
-909
1642
1082
524
20
897
-612
-580
332
-1529
-851
565
-386
-1093
-992
-652
-962
1585
1153
-234
-857
-172
-1162
-347
-809
1741
-532
140
-1144
-413
896
-40
1140
-159
-1046
-1037
-545
-660
1604
-1621
-1074
-287
-1884
-1269
-1396
1857
-19
-656
1685
-527
-1625
492
-886
1935
-1314
-1563
987
-722
469
-87
1410
-85
1439
-100
1412
950
-1090
962
-1435
-94
1422
-1773
39
-71
233
-579
1128
736
-966
1795
-239
-70
51
1244
-1532
979
-1308
78
-1658
-1613
1348
-227
-5
-1805
-1781
658
-1047
840
-1366
-861
859
1198
408
854
-1856
-776
847
1278
516
1079
447
92
1451
-1165
-1603
979
1908
-267
-380
-1888
443
909
-18
520
-586
465
605
305
-603
-1567
-112
338
223
547
1843
888
1079
-1188
1505
1591
1405
-1758
603
1302
933
-1862
-767
1971
-1319
1837
1769
-81
321
1842
405
1460
-1410
1185
-1710
1508
-1679
26
1416
1906
-1801
955
-485
-537
-1476
131
1284
1457
-1597
357
1640
-779
543
-201
-1479
1782
628
211
1558
402
-305
-429
307
-1203
232
1032
684
1597
494
-1600
-517
202
374
-986
-1896
73
629
1921
-1310
529
295
-831
-1024
-1809
1157
-494
-1807
-630
-968
873
-1681
-299
-372
-1516
1015
570
-615
1508
1322
-1315
1925
-1140
-43
-889
262
-755
800
-1669
290
1669
280
841
-996
-898
-1457
-425
-58
-1787
-1401
-1661
859
1027
-825
-194
-1182
1433
190
-577
491
-334
983
-950
-1646
1749
-1325
1159
-169
-286
-819
133
-648
380
1255
565
712
-1521
-753
-698
719
413
1961
-1806
111
-954
-706
-1009
-1001
-298
-1523
-1403
1127
235
-1196
-485
990
759
-1452
-757
-568
-1312
1967
1300
1850
-1206
112
-836
826
546
1907
670
-1727
-1366
-629
-38
-1594
1423
-883
-1695
970
-1186
-485
-1508
1814
-1414
1548
1239
1977
-22
-1262
1234
-208
468
-1486
-1864
874
-1599
-187
1289
-397
1915
-1849
-318
280
-22
-873
-613
-1344
-1586
1180
-198
1685
1156
-1806
-143
-1456
-866
-292
-369
65
1296
1199
-970
1549
1310
1359
486
846
-771
734
-926
862
928
-1762
1665
989
-262
-422
-959
-1296
555
348
-16
-563
-833
644
1490
1373
1002
-421
-1161
1930
228
725
49
506
-1386
-389
-787
1169
-10
-350
-300
-677
527
-571
-1020
-405
-1824
-1108
170
-1330
970
436
-347
890
312
1549
1646
1962
-1621
1248
-820
-545
1601
263
-1557
1580
-244
1159
518
-523
1727
-861
-539
-963
-651
-45
976
-576
1684
16
-1623
-1567
75
-533
1949
884
1135
1225
-1601
-938
-724
-856
-684
-93
891
-4
-1148
843
-1116
-850
-346
279
-655
1887
-1296
73
121
-1495
-296
843
-1846
-1548
1547
1204
1032
-229
1525
1162
1974
1621
-977
-1861
1600
947
-233
-756
-296
-28
-1313
-1380
-529
-889
-1301
-1820
-1894
-1508
-1754
3
-766
1914
-1297
708
-568
-869
-235
544
-1246
1618
-430
1130
-36
-354
-142
-1407
517
-1223
753
1182
-335
1296
273
-697
1585
-1372
-344
-504
1058
-930
-95
1703
1632
-273
-325
-1146
558
-1415
-1232
347
1282
-1890
-1672
-467
-1674
1066
-509
1153
415
-935
-1216
1873
-1656
163
-1601
601
238
-560
124
437
-491
1828
-295
-789
138
-1050
-1328
-746
709
1138
524
1588
995
748
339
1253
-407
298
-697
1154
1219
725
1544
-1278
-1185
-487
-1229
-216
187
1203
668
470
-1756
-634
-1129
1802
159
-694
-1855
141
-1845
29
-52
-1146
778
1491
1697
1963
1296
818
-376
446
-1487
1096
-1289
-326
1097
1921
-1635
-26
1929
-750
1493
-786
181
1106
1505
1899
1018
132
1235
1143
224
286
-1422
981
1971
-252
-1360
-1147
1599
-1553
1039
-671
1886
-1787
1642
-1649
-1481
-1463
-443
-1722
-1819
-1164
-886
-1633
503
598
-1440
1048
620
111
-19
81
365
785
1029
-573
-1497
-646
1589
316
1381
-643
-1397
-1290
-889
1290
-315
62
919
1721
-555
-1628
-890
1316
-989
-199
-909
1716
797
-1321
-716
-1067
475
1702
-1258
-697
-907
-104
-1360
254
137
-282
154
180
-1225
-1280
-441
1869
1975
-569
-397
1740
-1018
1267
1064
-568
41
1259
1769
1628
205
-1622
-309
1132
-1801
1735
-1833
-994
774
1127
1167
248
-215
-870
-164
-1653
-1760
1390
-845
-234
1846
-992
-964
-1781
-431
-1304
1666
1909
81
-717
-1594
1557
1554
-1236
163
-850
1032
1937
-878
-397
204
736
-1360
-901
-1156
-1713
-856
-1659
-1277
-1701
-569
163
-963
-1382
713
-1441
-1120
-1617
834
-1166
-1740
281
681
-1658
-456
-1225
-141
1413
1810
-171
-66
-1887
-1070
510
-206
-144
113
1356
-75
207
758
1720
952
-1284
1171
-299
-1089
-1110
541
-51
-1780
451
-180
1024
885
-1232
-1599
1415
184
489
-1647
1936
608
341
1552
7
766
-1680
-1435
1161
1261
-90
1097
1212
-790
340
1355
-1567
1334
-124
-577
1849
-1861
300
844
-18
-452
239
1963
94
1458
-307
1100
803
1605
869
117
1792
-664
1111
298
-765
-792
-657
1133
-970
1508
-111
1402
597
1765
-1718
-1199
-1778
-186
1775
-230
1054
428
-1006
183
1559
-749
-522
1063
1201
993
-1210
335
-828
-1333
1185
-1646
-469
484
-1354
1320
159
1052
-1654
1929
547
695
0
-1356
-678
-979
-1252
-1310
-185
-1086
716
622
790
1704
1185
-211
-592
1118
974
1751
1763
1310
-236
751
-1707
-409
-372
-1790
-1320
-1524
-297
113
-1288
567
1891
-1640
-1489
313
1653
844
790
1276
-814
-1871
997
-1885
613
-576
-504
284
-73
96
-631
-1855
1496
-708
-102
-343
44
563
-964
247
686
-409
210
-379
-33
1392
-1512
1440
1179
43
1285
-1272
1886
-1839
1947
1826
-231
445
-1298
-327
-1545
1887
-74
611
-207
1735
-839
269
1915
-1104
1187
202
1329
-528
68
-311
-895
1830
245
927
1212
-758
870
-693
-1345
528
-1608
1510
771
-120
1338
755
-1249
-444
512
1184
-1453
-572
-1031
-704
-379
-24
-1423
1430
-1536
-1505
-724
1833
569
1949
-290
556
-633
-1665
-873
-193
-742
647
779
1236
-701
559
1632
733
-1162
1765
1884
-946
-484
-1108
-46
1198
7
1699
226
-1284
199
-544
506
47
99
-176
-263
1281
-401
-502
-1090
-1213
1214
1936
-777
1129
-81
-1497
944
1468
1939
1380
1549
698
-797
324
-1681
1438
-87
-581
-160
654
-190
1898
55
-1687
811
1938
-1229
-149
602
-1151
845
1691
1109
833
-1358
171
876
-815
988
733
1965
1603
685
489
1800
1026
750
-258
-390
494
121
1224
1859
1479
-611
-651
-630
-1368
886
1564
627
-1427
1045
-1236
-446
-1569
-1229
1073
-1142
1610
417
103
1806
-1048
1708
1662
-74
-560
-147
-733
717
-592
664
-831
1485
1210
-1488
-298
-918
-998
282
1781
-1858
306
-340
122
-1792
-767
-776
-328
-1777
-197
289
387
-425
-1084
-1051
1259
-517
164
-1843
833
-276
-523
-235
-295
1332
1780
1754
1736
1656
-1790
-1042
-841
1754
311
1523
-1887
-1395
1362
1815
-951
162
-1376
-434
1442
-1023
-1755
367
-195
335
382
-1430
-668
-29
934
-1025
-1657
-1151
-1450
-1533
-1687
1977
1687
1114
-1838
-1329
-1775
130
-1024
1934
296
1920
769
-584
681
746
-62
484
1191
182
-232
1372
-1238
-711
418
115
493
-1281
1218
1617
1647
521
-95
596
280
1690
-1570
1419
-537
-1073
-526
696
1313
1141
714
-947
-164
-72
-1503
-1129
1952
1834
1609
1444
-1040
-1163
401
-1807
-1108
1199
-1510
1672
1674
-1330
590
-986
22
-548
-1357
-1660
-126
567
-665
475
375
18
528
-1051
-571
764
1574
-1474
-67
886
533
517
-1460
-924
1306
171
-1238
-65
-1520
600
-1196
1560
-227
-380
-447
-1461
686
269
544
-878
-1467
-29
-559
1385
-1129
-1222
1596
-1285
-847
-609
-690
1424
216
152
-318
-201
1172
-649
-1551
1432
-1129
-1067
-812
1467
-216
-529
-135
-779
788
-588
-285
-465
-252
1941
-695
470
-359
155
1313
1007
1423
368
131
-363
-1201
-84
-1068
1869
-470
387
927
-155
-1841
1882
-1132
-194
-958
-1093
756
-50
-769
1489
-898
-1283
-1428
-514
-1083
1585
1292
232
-1878
1457
-644
-635
-457
-1018
77
982
-1150
-700
-522
-1603
-1755
-1766
-1150
827
837
428
-946
860
-1729
1847
1676
1016
816
907
1620
1035
445
-283
-686
644
1617
587
1756
959
670
1983
-821
-518
360
-1502
1556
1050
-819
574
-821
-1762
-559
-1396
-200
-445
-769
1242
-173
-946
1582
1095
1488
1183
1237
-1892
1602
-1057
578
-1323
-1676
651
27
738
1039
1766
-612
-186
467
-1132
889
-1844
1425
1210
-1336
-1756
909
204
40
-1114
1883
1680
-37
-641
-892
1407
-727
-1855
48
-44
407
-1204
58
1341
-77
-176
1465
-1375
-802
1511
584
-398
1623
1231
-1261
438
352
1497
824
1057
1656
-310
663
1796
1268
1668
21
-1615
-1413
1142
1515
-616
1243
-1444
782
1690
-676
-238
526
-538
-855
-390
774
188
1729
485
-842
-1843
-819
407
1279
62
-1284
364
-724
-94
-705
-291
975
-21
606
396
-1298
1760
799
-1639
991
-1156
-11
-1168
-990
674
-763
1073
1952
1519
-607
1750
264
377
1589
1993
-904
-1225
718
1312
1724
421
1553
1973
502
671
-1255
193
-1044
-1455
1068
-218
694
473
993
17
1489
1727
1879
-994
1861
-1584
1004
542
-898
1391
-887
107
-96
1903
1427
-1243
895
1753
-210
-922
1810
1772
-1205
-1304
-160
1422
98
-726
1509
209
-1313
-834
-864
-777
-91
1404
-56
1301
-1647
85
-892
1852
1426
1260
-1529
438
1233
-1664
338
1566
961
9
1337
881
1745
-1042
-1088
-420
112
800
1470
-1461
987
1375
638
972
824
794
-1152
1100
-1252
1627
-783
1869
-1139
746
162
640
-1667
1366
189
27
1371
1540
-309
-1573
-1241
-212
-1775
1848
287
-1075
-1093
-1817
268
585
-1837
-472
-17
1146
1590
1371
1391
785
1103
1099
-688
1110
772
1457
-800
927
1951
470
-421
338
-1364
1696
-1824
-1004
-1260
1650
1292
530
-58
628
1449
972
-1739
-1049
-1304
161
239
-1790
-1110
-277
403
1611
-1703
-362
-557
-1621
171
500
-1251
1744
1452
104
899
413
-1841
513
1803
1415
510
430
-300
825
1530
170
1374
1503
-206
-1571
-298
-582
-1286
-835
1313
1993
-384
505
523
1271
-335
-94
-62
1307
-247
1310
1785
-125
-1732
-1092
-659
-1256
-899
873
1269
-1470
-1249
1039
-1893
70
-1669
543
1356
-1842
435
384
-98
-1609
895
740
1569
644
1965
-3
-1218
1116
-1503
-1099
-1561
-662
450
1727
-491
-682
352
-1391
-78
1896
1587
1621
1998
1461
-1673
1736
-30
700
1461
-265
1579
381
402
-1458
1415
1038
370
-53
-193
-439
1396
1045
-1679
-1234
-491
1698
-1739
-319
583
-1621
470
-912
538
-422
88
1274
-14
-1122
-791
-1393
-41
612
828
-1441
1719
-1875
1331
-1535
1900
-371
-804
-1708
-721
1853
1220
-1052
-434
-1039
1894
1307
228
-1319
-1364
1133
-700
1993
-298
-551
-1053
-857
-1624
-846
933
893
-958
1580
-618
762
-122
-897
-430
1942
1951
224
-77
-436
-602
-1044
-1413
273
468
779
116
-79
1885
-1392
-257
-896
1357
-128
307
1349
1219
-735
478
-1106
-1186
-23
-8
1308
367
-885
1041
314
1001
-1549
33
541
1374
1184
499
113
1148
968
-1767
1906
-239
599
-1276
802
-968
-902
-508
-1876
1907
1245
1368
1318
-735
-807
-28
-1086
-1139
891
1935
-956
-1414
-1880
563
1762
762
-1158
-12
-523
1197
1202
1962
1168
-1832
820
-1268
-1816
-1446
-1300
-1019
-1228
-1653
466
1366
-1145
-1755
680
348
-59
-1450
588
-960
-627
1967
875
1779
-773
-302
154
1070
-629
1634
446
1023
1067
532
-1043
1448
858
-466
1336
-1568
879
-672
-961
1807
1665
1204
-278
1823
1635
-767
-341
1548
933
-1537
-1834
493
-1600
-584
1979
-1524
-83
887
-354
1287
-898
-78
1470
-583
-1510
120
-1452
595
-1403
-396
1275
-805
-418
1686
1885
6
1451
-980
1116
1673
-128
-632
402
-1019
1984
1875
1157
1238
1880
207
1075
1511
396
-333
1293
972
-33
433
-497
874
-1856
431
503
1285
-815
451
1266
250
212
1156
-1488
-173
1326
1724
200
-1077
-1283
1848
1223
673
1785
1444
963
-1186
172
-1450
1544
-1482
1108
357
1796
1202
-688
-912
-683
1861
-1769
1469
-845
1485
-1609
1425
-633
-1739
-1255
776
229
1255
1307
-1512
-1318
-375
1575
-185
1337
1497
1141
1780
1116
1482
-1868
-982
-1771
1965
975
-958
598
-97
1961
-1377
1388
-998
-290
-1294
523
921
1372
77
27
1132
268
8
1894
1114
1867
-948
1072
1346
-1562
-1582
-1690
1440
320
-793
921
-892
-1671
7
950
797
-741
-1233
-166
870
59
-1391
1448
347
-1497
-459
-745
1953
666
1936
-918
-74
-1286
1489
500
404
1535
-303
651
-1469
-1196
-137
-1389
1047
995
499
1003
-1838
1591
-1873
1134
1522
1560
371
498
-1641
-396
-1105
-1645
-31
-1233
752
912
1608
-270
-994
1810
1659
1971
-1340
1140
1487
-1541
345
12
-1540
-1394
843
1592
1363
-172
951
-1650
-187
-1321
-1545
1296
153
1226
-1631
-845
-560
1844
-1253
-1769
1981
-264
1308
-432
623
1107
1089
-1365
906
-1068
1357
-645
313
889
-1765
-1672
-812
1409
-814
-1816
-1697
-1750
1038
-119
-1328
-477
-1532
110
1896
913
47
1553
-1080
1994
933
283
50
413
-1507
1631
-872
279
175
-662
1215
-1333
-1560
1108
977
-1530
1292
249
-1280
-499
127
559
-118
663
685
-947
1308
-1540
1415
-453
351
1134
1584
-1003
-1609
-614
-73
-711
1185
1961
877
91
1447
416
1486
533
-464
-1834
-1288
-1683
-1642
-1156
-629
1583
1600
-105
191
1963
-23
1677
-66
1122
-567
1610
1384
-1383
1760
1338
-575
-1144
-1119
577
1044
-86
506
1119
-1665
-1248
-1590
-1532
1302
1549
-246
-1535
101
-498
-1178
-1131
-1024
-1813
1475
-426
-427
-1025
95
1027
1259
-867
717
1780
83
614
-1070
356
-1588
-985
-377
-93
-1267
912
784
-1501
-860
-1216
-714
-399
-318
-1321
1656
-581
545
1329
-1718
-309
-1144
568
1299
1885
-805
570
1894
745
-114
1252
476
1859
-1630
1799
-1047
-981
368
1588
-230
1618
1098
-1347
1625
968
-1487
1412
317
1689
-69
38
-1113
787
-519
1725
318
776
99
-1454
-1819
-512299
27
25
-20
-21
-6
4
-29
25
-14
-27
-27
4
-9
-13
-14
-27
11
-30
11
-11
2
-5
-2
-27
-3
-2
-2
-22
20
-18
-10
11
-1
-15
11
5
-17
25
26
20
-26
-10
-9
-22
18
-27
16
15
-27
25
7
25
-9
14
19
-29
20
-29
-21
-15
14
6
-13
18
-22
3
9
23
27
-20
6
-9
-21
-27
21
21
-11
-5
-1
5
-30
27
-1
16
21
23
-18
-17
-26
-12
15
12
-14
1
25
-15
18
7
25
6
-2
15
3
13
15
-10
-29
-29
24
5
22
-26
-7
15
-28
24
-23
16
7
-5
9
21
-8
-19
10
-3
14
-19
-3
-24
25
-14
-15
5
-20
24
-14
12
5
-15
16
24
-5
-17
1
-9
-19
-27
-5
20
14
-6
-24
-24
21
-21
23
8
-25
22
-29
7
5
5
26
-19
18
-28
25
27
14
20
-16
6
-11
1
1
20
-4
-11
-16
21
5
16
-19
16
5
17
17
26
-2
18
-9
8
-21
-19
-14
3
2
18
-1
-3
12
-3
25
13
16
11
26
27
-26
13
-11
-5
-11
-18
19
18
1
-15
6
27
13
-7
25
27
-30
0
-5
-15
-6
7
1
6
16
-26
17
5
-8
27
-26
12
3
-6
-15
13
-20
-6
-25
4
-27
-16
-12
-25
-26
4
-7
-28
2
12
17
-2
9
-23
13
16
-20
19
-28
4
-8
24
-9
-14
-12
-18
-13
26
-27
24
-16
25
-4
-20
4
13
-5
25
-25
-29
6
-24
-26
-2
-21
-6
18
18
7
-1
10
-26
-1
18
18
-30
-27
25
-7
-29
3
13
2
6
20
-26
-7
-8
25
17
-15
14
-13
14
-14
-26
18
0
-6
-13
10
-17
26
-16
3
23
7
-27
21
16
20
3
-19
-27
-2
18
0
0
16
-25
-6
12
-29
17
-29
24
19
-12
-24
0
26
-18
18
-13
-10
2
20
22
18
18
23
-21
-12
-11
-27
4
-20
-5
-6
-17
2
11
5
9
-13
18
10
-7
-26
8
7
-13
7
24
-7
25
-25
0
-3
0
18
-4
-22
19
12
19
-6
6
13
-27
-9
9
12
12
23
1
27
24
-28
25
25
24
23
11
4
20
19
6
21
15
13
-4
-30
-5
9
-1
-2
-8
21
-11
8
12
23
-29
-14
7
2
12
26
-27
-18
-23
-5
8
-15
-4
-28
24
3
6
16
-22
-20
11
-19
9
12
-1
9
-14
9
-14
-30
21
1
20
10
18
-21
-27
-27
9
-17
-25
-5
-11
-26
24
19
-29
-19
-18
-15
-19
-1
3
23
23
-18
10
22
-18
-26
-10
7
-2
-18
-15
15
14
19
-9
13
-21
18
1
-7
12
15
12
-28
-15
-11
3
3
-7
-17
13
-18
-5
-26
16
-19
1
8
-30
24
19
11
16
16
3
-22
-17
5
14
-3
12
-14
23
-30
27
-16
-1
-20
-20
-26
-10
5
22
-15
8
-6
-16
26
-6
6
18
0
-7
9
-16
19
-20
-20
9
-26
2
8
20
-13
3
-20
24
27
-25
-17
21
-24
5
13
-17
5
0
18
-2
-28
3
7
19
-28
16
3
0
13
-12
-2
24
16
17
21
11
-16
-23
-30
-14
-3
-5
3
-30
22
13
-30
23
19
-23
27
21
11
-30
13
0
14
21
-2
-18
24
-9
10
-7
-4
-16
-22
1
-17
-14
19
-5
17
21
-30
17
2
-29
-23
10
2
27
-1
-5
-7
-7
18
26
-28
13
24
-15
-14
-22
-1
16
-7
2
24
-6
-30
6
5
-1
-29
20
-5
-12
0
5
4
21
24
-17
22
-14
22
-10
-4
21
-13
9
15
13
21
-16
14
-21
-30
11
-12
22
3
27
11
12
8
-1
-14
-21
1
12
11
-9
24
27
12
-3
-13
27
-23
-30
0
9
-28
20
20
-8
25
-24
13
-28
-7
11
-14
-10
4
17
14
17
12
-22
14
10
-16
14
27
15
-7
-10
2
-17
9
-30
-2
23
22
19
-22
3
3
21
-30
8
9
19
14
9
-10
1
16
12
-5
-6
7
14
-28
-7
18
-2
15
20
-15
0
-25
8
-26
5
20
-19
-2
-3
19
-19
26
-14
3
12
6
-5
-4
9
19
27
21
15
-19
-27
4
4
-7
-29
26
3
15
-2
-28
16
-4
21
26
1
-4
-17
-6
18
23
2
0
21
24
-25
-16
-4
-4
16
-21
24
-29
-24
19
22
-4
20
-17
-15
-24
11
16
7
-8
-30
5
8
12
-20
8
-7
-21
26
-3
-28
25
-12
6
19
20
-19
-6
16
22
-3
-23
-17
27
-17
27
11
-3
10
-12
15
25
2
-11
-10
-10
-7
-6
25
-10
-10
13
-12
6
23
-21
-8
5
19
3
-29
-22
-29
-24
15
-14
0
-13
23
3
4
-25
-12
-16
12
-30
-7
15
15
0
15
17
-19
26
-27
13
-1
12
7
5
20
2
13
8
-21
-26
15
15
-8
2
19
10
16
15
-23
7
2
-15
10
7
12
17
11
9
6
-3
10
8
21
-11
-2
-17
27
23
5
-3
-20
-24
-22
-17
-4
-12
3
9
-8
-5
-13
-19
-6
5
-7
0
-28
-11
-14
-22
24
18
-6
-6
-19
23
-18
-23
-23
-27
22
0
19
-26
-11
26
-12
-20
-22
21
10
-8
-27
-24
-9
-20
4
-2
-7
21
-13
-26
-30
-16
4
-15
-15
11
8
-21
-10
2
-16
27
-21
-18
-23
-11
21
13
15
12
2
11
14
-25
-18
23
-6
-20
-27
-23
18
15
13
26
-27
-18
-7
-24
16
7
6
-8
13
-26
24
-8
-18
18
-13
6
0
22
-3
-28
6
23
6
-17
18
12
18
1
23
23
-5
4
3
10
5
-17
-27
-22
-13
-12
18
2
-29
16
-3
1
-2
24
13
-14
-2
16
-6
26
17
-14
-13
-24
-18
23
-6
7
19
18
-22
-23
-6
10
4
-28
27
23
11
26
19
-30
20
18
21
18
-24
13
9
-28
24
-14
10
-21
-10
-3
2
5
-7
-9
22
27
2
24
2
23
3
22
23
-2
10
15
-28
-6
11
25
-27
-18
19
4
27
26
-18
-1
-19
26
24
-28
8
24
-11
-14
-14
20
-14
-26
-4
-25
-28
20
-9
24
6
-4
27
-11
-28
6
-10
-25
-17
2
-11
-5
16
-19
7
-13
-11
-1
9
-5
7
7
22
-22
-25
23
12
7
24
3
-8
25
-10
23
-29
-1
-13
11
4
23
-4
0
10
-8
-13
13
-9
-27
27
13
-13
-24
19
27
22
10
24
-23
-13
19
-29
24
-16
22
24
-3
2
-26
1
-2
-4
-12
27
3
-28
-7
27
7
-26
18
5
21
-12
24
-29
22
2
24
21
-2
26
25
21
5
22
-23
-14
-21
-22
-10
-3
0
4
-4
13
13
-27
-24
-25
8
26
-26
6
2
-4
16
-18
3
-29
-26
-19
-18
-17
0
-8
3
4
23
-28
-4
19
24
4
-24
13
-22
1
-7
15
10
-8
-13
-29
1
23
22
15
15
-7
-22
-5
10
0
9
-25
-3
5
12
-5
-25
-18
17
-18
-1
-8
23
-24
14
-18
23
19
-4
17
-30
-23
-19
-1
-5
18
-5
-9
-4
1
-22
-7
-19
-19
7
15
2
-30
15
10
23
25
-1
18
25
-19
-12
-27
-15
-8
2
-8
1
-19
8
18
-19
-13
-10
-9
-16
-2
3
14
25
-26
-28
1
5
26
14
26
-1
11
16
5
9
6
17
12
-15
20
0
-15
-20
-28
7
-21
-30
-12
-15
-15
17
25
16
-6
-13
-25
12
13
25
-14
4
-2
24
-24
26
-5
-21
24
19
-16
-20
-17
12
-2
21
-11
-4
-16
2
24
-5
14
-3
12
2
-29
1
-6
12
-29
-14
-14
13
-28
-5
-23
3
0
-5
20
4
18
10
-21
9
24
10
-7
-1
-6
7
-3
2
-26
8
20
8
14
11
-28
-15
-15
-1
-30
27
21
-19
0
-21
-11
8
11
-21
-11
-12
12
-16
-27
20
-9
-6
-14
26
-19
-9
22
25
-6
-28
8
-4
-9
27
-21
27
0
-5
15
8
-23
0
8
17
13
-21
-9
-12
16
-16
-12
-20
19
12
-28
4
10
9
-18
26
17
-14
26
-25
8
-16
11
-8
25
-13
18
12
-10
19
14
-5
-29
16
-12
12
-24
27
20
-13
6
23
23
6
-8
26
-13
-14
-11
-28
21
-21
0
8
-9
-26
-4
-15
20
11
-25
-3
12
13
-5
24
-14
5
-17
25
10
-7
-3
-8
-17
3
-20
10
-9
8
-17
7
15
-4
6
8
14
-19
14
8
8
12
-19
-21
-30
-29
-14
23
23
14
16
-17
-7
-13
-17
-6
15
-15
-19
14
-19
16
-29
7
9
5
20
15
22
-24
0
-29
19
-18
-6
24
-27
21
23
-8
12
2
6
14
9
-13
16
-25
-8
3
-29
-18
15
-1
-26
21
-9
27
-21
22
-24
-29
18
9
-23
5
1
13
22
19
-10
3
20
27
15
18
3
-9
10
-21
-14
14
-24
24
15
10
19
-21
-15
10
13
-13
-28
-9
24
-2
-29
7
15
-25
17
-8
-21
10
-18
-12
-25
-23
25
11
-29
26
-15
4
-8
2
27
8
9
7
14
14
14
-15
-6
3
-25
24
-15
-16
-6
0
25
-27
25
23
3
19
21
12
-8
8
23
-8
5
-17
-15
-23
21
18
-5
-10
1
-21
-19
25
-2
11
-5
12
26
23
-4
4
6
-27
-21
24
17
-26
-4
-18
-6
-21
-25
-26
11
6
-17
1
15
-23
19
26
-29
17
-17
12
-23
18
-20
-26
-6
-7
-21
2
10
2
21
12
13
-1
-8
-2
-15
-21
4
-29
13
26
23
6
-20
-23
-12
7
18
11
-30
25
20
10
10
-17
14
4
-6
-7
-10
26
13
20
-7
0
17
-8
8
-24
-23
-28
-1
20
-15
-22
-3
-8
20
1
-3
-6
-10
-9
10
0
0
27
-3
15
-10
-12
-29
10
-28
11
6
4
5
19
-7
1
-17
24
1
-2
-6
-14
-29
4
18
14
10
9
-28
13
-9
-1
14
-18
22
9
-5
16
-24
18
20
-11
-10
4
-23
-6
-25
0
21
13
-12
17
-23
14
-24
2
3
2
16
-14
20
17
1
-15
-10
-20
13
-14
9
25
23
-4
-23
18
-18
16
3
2
-7
9
-11
-10
10
27
7
-6
16
-8
17
4
20
-12
-4
11
3
12
-17
-8
5
-27
9
-5
-21
8
-8
-9
-30
10
-20
-30
19
5
9
13
27
-9
19
17
25
-6
18
-10
-25
19
-15
23
-6
-19
-7
-4
-23
-14
-27
-26
6
0
1
24
19
12
6
-30
-4
-10
13
27
-8
11
-21
11
15
20
-1
-21
18
-25
-22
10
-6
-26
1
18
4
-21
16
7
4
8
-16
19
-27
13
4
-15
13
22
-22
16
-1
-19
-20
-22
15
9
15
-29
16
-27
21
22
-12
-14
8
-4
4
-5
13
25
17
6
20
-22
-13
-14
-22
8
-2
-2
-4
25
-1
-15
-24
20
-5
14
-4
20
-28
-10
-17
24
13
-22
22
-16
-21
2
8
19
13
-16
9
25
-2
-27
26
14
-10
7
9
0
1
-21
-29
-23
0
11
5
-2
-10
26
-19
27
-12
3
5
-21
20
-17
13
-14
-20
11
21
-9
23
25
11
-27
-10
26
-2
1
-27
8
-16
-25
25
1
-23
5
-5
12
-23
4
26
4
25
22
-27
20
3
20
-11
-9
-17
8
25
-12
16
-14
-7
25
10
-15
-23
-6
4
-17
14
-16
5
-2
24
18
20
-24
-28
7
-13
19
-19
3
23
22
-15
15
27
-10
-20
-29
-2
-18
13
-22
10
-20
9
-7
-8
11
-3
-10
11
4
2
-11
25
-8
-30
11
-9
4
6
21
16
-27
-20
27
-8
-26
0
-20
27
10
-7
-21
9
17
12
8
23
7
25
-21
4
27
27
2
15
4
-5
-1
-19
-16
-9
7
-12
16
1
1
-19
-26
-10
-14
-8
15
20
2
26
-3
23
22
14
18
8
-23
-18
14
12
15
20
-9
10
27
8
-26
-22
18
-22
-23
-13
13
0
20
-20
0
-2
26
-10
-29
-13
6
13
6
-22
13
19
-14
11
-16
14
11
24
0
-16
0
-21
19
-15
13
7
3
2
10
7
27
-23
10
15
13
11
-17
3
24
-23
15
26
13
22
6
-17
-5
11
22
3
22
-14
-12
-1
23
7
-29
23
11
-12
26
-13
-23
16
-18
27
22
-6
5
-12
18
-6
-23
23
-23
-16
19
10
-6
-1
3
21
-2
-14
10
-18
-13
4
-27
21
-17
-28
5
-28
4
-21
13
-8
15
-11
14
-23
-18
24
27
-24
-7
6
10
-21
-24
12
-30
-11
14
-10
-8
-15
23
-11
-6
-8
-21
26
-11
25
4
20
-15
0
15
14
-29
-14
25
8
-21
-1
12
-30
-18
15
2
-28
11
12
-29
-20
-11
-16
-16
-24
23
-29
-17
-2
18
8
13
-21
0
23
22
25
17
0
17
-16
13
1
8
-30
-26
15
-30
-17
-16
-20
3
-10
2
-23
-24
-24
12
-26
2
11
25
17
0
-17
-2
8
3
21
-30
-3
-17
8
-21
6
1
19
26
27
-30
26
9
20
-23
25
10
6
-29
-27
15
-19
-14
-26
10
4
-4
9
-17
-24
12
6
1
-29
14
1
18
15
18
-5
5
4
-17
23
1
-3
0
7
-19
5
-22
-21
15
23
19
-10
-14
-23
-17
10
12
-9
0
-12
24
18
2
2
-23
17
1
-11
-10
-4
-18
15
15
-15
-13
13
-2
-25
24
25
-29
1
25
-15
0
12
2
12
-19
-26
0
22
16
24
-29
20
17
-13
-13
12
17
-21
-21
-28
23
-25
8
14
21
14
-29
3
4
-12
-24
1
0
7
3
5
7
-1
-20
14
16
15
-10
17
-7
3
-24
-19
18
5
-9
-9
-25
14
7
4
26
16
16
0
-6
-1
-15
-24
-11
22
-6
2
24
24
22
2
27
-4
-22
4
-4
9
16
-13
-16
12
20
-6
-26
18
-6
21
-9
-14
8
-20
23
-24
26
-23
-27
23
-4
27
8
25
-22
23
-1
13
11
-8
-30
-13
20
-11
25
8
18
-15
-21
10
-5
-21
16
-8
15
-19
12
16
-25
-17
22
26
-20
11
16
17
-29
0
-21
13
24
-17
23
-21
-1
-22
13
-6
-13
-1
11
-23
11
14
27
-18
13
-3
14
14
-12
0
6
13
-14
-14
-9
27
-20
-22
-21
-25
0
20
19
16
26
-27
10
-28
12
-1
3
3
-27
-16
-5
-12
-2
-19
-23
21
-11
-21
-10
20
-24
9
-4
18
1
-19
-29
12
-2
-10
18
-27
15
15
-9
-22
25
6
-23
3
12
-30
21
3
13
2
2
14
4
-2
8
11
-16
-17
-25
7
20
0
-5
-7
6
18
-27
3
0
2
7
13
-4
-28
-26
14
23
0
1
20
13
3
-21
-24
-15
11
15
9
24
25
5
-23
-5
-25
-3
10
-14
3
-21
15
-15
20
-18
-6
5
9
20
13
25
24
-21
-4
-19
20
2
8
-11
11
14
-27
13
23
19
18
4
22
-3
26
-30
24
0
-4
-13
25
-9
-21
-25
16
-5
-20
22
-28
18
-3
-5
8
18
-1
-10
-17
17
20
-6
-26
26
-14
12
10
-21
19
-22
10
4
27
20
-9
-9
-28
20
-14
-17
23
-27
-3
-5
-11
25
-12
6
-3
13
-29
18
-1
-26
-28
-12
26
4
26
-4
-24
10
-12
-11
-3
-17
4
17
25
15
2
-9
-2
8
0
-6
-10
-18
5
-22
-3
22
8
-27
11
24
-15
-29
-23
12
7
-4
-2
20
22
17
7
-11
5
27
15
-14
-9
15
23
-23
-12
-30
-16
-28
-7
-16
4
-22
10
-14
-3
27
-16
-23
23
-12
-30
26
2
-20
9
10
-10
-19
4
14
20
12
7
0
3
19
-11
-14
-10
1
-14
-13
-22
15
16
-2
-1
-10
15
17
17
-28
-30
7
15
-23
14
-15
1
27
25
2
-13
5
17
10
-23
-3
-2
16
27
-6
16
22
18
-2
24
14
26
-10
4
7
-12
-3
18
11
11
10
13
-29
-3
10
8
19
24
-21
-21
22
-7
-7
-11
17
-30
15
13
2
14
-12
-14
-17
-19
-13
-29
0
-26
13
-19
11
21
-10
-20
8
-5
22
13
-18
-9
27
-28
19
-19
-5
-6
21
4
7
1
5
-23
9
-18
-8
-22
26
24
-12
-1
11
-24
-13
23
15
27
-6
-20
-23
5
13
-1
11
-13
-29
6
9
-4
3
8
-16
-7
11
23
10
12
16
-3
16
2
27
-30
-15
25
-11
-4
-24
22
21
2
1
6
21
19
-27
2
6
-24
6
-13
11
1
25
-8
-2
21
14
26
-17
18
-28
22
26
12
0
13
-29
8
1
15
-12
-28
-23
2
18
-19
-4
24
-13
-10
-11
27
13
-26
15
-6
26
24
-27
-6
-3
-13
-20
13
7
-29
4
8
-16
-23
-7
22
-16
25
22
1
5
17
2
15
-1
26
23
4
22
14
-1
5
-15
-24
-13
-19
-24
-23
-6
-18
-16
-15
-18
10
-19
-17
14
15
-25
-30
-19
5
10
1
13
15
-30
-26
-9
-18
26
11
27
-8
14
-13
13
-3
-16
-14
-26
-19
8
-26
-2
15
-8
-8
-17
10
-17
-26
-23
8
-24
16
20
1
-5
-15
-6
22
22
24
-11
23
5
-17
-12
18
27
20
-15
-14
-7
3
-20
-6
25
25
4
19
-25
25
23
22
21
-19
-7
10
-13
19
-3
2
20
-6
14
-13
13
-26
0
-6
-26
-27
-19
-11
-22
-25
8
25
25
-16
-22
-18
8
23
-10
-2
6
-30
-11
16
-16
-16
-4
-28
26
-13
7
-17
22
20
-28
-25
6
7
10
-13
1
26
21
4
8
7
-15
-9
9
17
2
9
4
1
-10
-20
27
-14
13
-19
-16
16
-4
-15
-29
4
0
-7
6
21
26
12
-10
18
-10
3
-23
-5
-17
-1
24
3
18
26
-30
-30
8
-21
13
-18
18
12
16
12
-3
-24
-21
15
10
-25
-25
27
-24
10
0
21
0
17
-12
-25
7
-7
-28
8
12
-3
17
18
-1
16
0
-2
21
-19
-13
21
-8
-22
27
-3
-10
15
-11
10
-9
7
1
-14
-8
18
19
-29
-13
0
20
-18
6
-14
-29
17
25
-7
4
-9
10
11
0
27
24
-22
-19
8
5
11
20
2
-8
0
-10
-18
-14
6
-29
-24
-1
-29
11
25
-27
15
24
25
7
11
2
17
-19
-28
-30
-21
1
3
16
6
-20
17
26
12
-24
-3
-23
11
2
-18
18
5
23
12
-7
-16
10
2
-28
-22
15
-1
15
-18
-10
9
-25
5
18
18
-27
19
-17
19
-13
16
2
8
-12
20
27
20
-11
-15
6
-29
8
-25
-18
9
-13
11
-30
7
19
6
10
-15
14
17
-26
16
16
25
-28
0
-22
-6
-12
20
-21
6
16
-14
10
-1
-11
20
8
-14
23
19
20
-15
-10
7
-20
-30
20
-15
10
-1
-16
-25
25
-2
-21
2
27
-9
-28
10
26
10
-16
-28
15
19
-14
18
-14
8
-14
9
-20
25
-19
14
25
4
10
11
-9
-15
-2
-16
3
18
8
10
-13
-19
-20
27
-29
6
-13
9
20
-12
-12
13
-6
10
-6
-19
26
-29
13
20
-15
8
-23
12
7
-27
26
-30
5
12
24
16
17
7
-24
19
25
-16
-19
12
27
12
-10
-15
-15
3
-29
-11
5
7
-29
2
1
8
-4
-12
12
-20
25
-24
9
14
-5
-28
1
0
16
23
13
-30
8
-15
12
-18
27
-1
16
23
-26
-4
-12
-23
5
25
-27
18
-21
26
-21
26
21
19
8
-19
18
-2
-22
23
11
17
-25
-16
21
-11
-4
-21
2
0
-17
24
12
-30
-22
0
9
15
18
21
-16
-18
25
17
21
19
17
-21
-14
17
-11
0
-14
-26
-4
14
3
-7
-12
1
20
26
15
1
4
-25
12
25
-22
27
-20
-14
-9
-9
-22
3
-26
-26
3
16
-5
-10
-14
18
-18
12
5
-22
-22
25
-7
3
24
18
23
-27
-13
-12
-16
1
6
-11
21
24
-19
14
-30
-21
17
13
-11
15
7
12
18
-9
15
-22
-4
-16
17
-7
-24
12
-5
-26
15
23
-6
-26
19
12
-29
4
12
16
17
-17
-11
-24
23
-20
5
10
-10
11
23
-13
-16
-13
15
23
-27
3
14
3
22
8
-16
9
-5
-13
-26
11
-15
11
-21
4
3
5
10
-10
26
0
2
-8
12
-12
1
-24
24
-13
-2
-2
8
-11
12
8
-27
10
-6
13
-4
12
21
-2
-12
-28
24
0
-11
22
6
0
-5
-5
4
4
-12
-7
-28
14
13
-20
22
24
17
-20
26
26
25
6
8
18
23
-20
10
19
-15
27
-30
21
19
17
21
-23
-21
22
-1
-22
-18
27
-17
-22
-10
9
22
-25
-7
-15
-22
-19
-22
-18
10
-6
-27
24
-11
15
15
-11
27
-24
-28
-10
9
-15
23
24
10
-12
-21
-25
10
24
8
-5
22
-16
-26
13
-28
-10
-7
3
-20
9
25
-29
4
21
-6
-14
-29
13
15
4
16
-24
5
2
0
-22
12
27
5
24
-3
2
-10
-11
-10
26
1
12
-15
26
-12
21
-17
18
-24
18
13
11
-25
-22
-16
-29
-6
9
-19
8
0
24
-7
-11
16
12
23
-29
-28
7
5
-29
10
1
10
23
27
-23
22
-21
12
-12
12
13
1
-10
17
24
15
-18
-18
0
15
26
16
10
16
-7
-1
-11
-6
-27
-1
-20
9
-3
-28
-17
9
-2
12
2
8
7
13
-20
21
-24
22
4
11
-11
-7
-20
18
-13
-29
-4
-7
27
-22
-14
-9
3
16
18
16
-3
-30
24
7
4
16
-26
-11
-29
-4
-26
18
27
-25
-13
1
20
13
-30
24
23
18
-21
7
-12
27
9
16
-10
26
0
25
-3
1
19
-12
-25
-17
10
-4
1
-19
-25
3
-30
-17
-30
19
27
-26
10
21
-23
-12
12
-22
6
10
27
2
6
-9
25
-23
16
-27
16
5
-27
-8
-15
25
-29
0
7
2
12
15
15
5
0
-15
1
13
18
27
-20
4
18
-26
-10
-16
16
3
-7
-18
-3
-24
14
8
6
-25
11
0
10
2
5
19
-20
27
-6
-17
-11
6
-14
20
18
-14
8
-5
19
1
-26
-27
-5
1
-26
25
-9
14
-23
23
19
-28
1
1
-3
10
-24
3
20
-17
25
-3
5
-9
9
14
-19
7
-22
22
17
18
4
18
-3
-13
-23
-23
5
-21
1
19
-2
3
14
1
-23
5
23
-30
10
21
4
6
-1
-30
-23
4
22
-29
22
10
-29
22
8
-10
19
-7
9
24
19
1
15
25
6
-10
-22
0
23
-25
23
15
25
-5
-25
-27
-6
-3
-8
-5
-14
-2
-8
-29
-17
-19
15
-13
20
-9
23
22
5
0
10
17
23
-9
0
23
3
3
27
19
22
-22
12
-29
-17
4
16
20
-18
-1
27
-15
-16
24
-8
-30
7
27
-25
-1
-3
-19
10
8
-27
1
27
-25
-29
7
-27
-27
-21
-30
12
15
4
-24
6
-5
26
-10
-27
11
2
22
25
-10
5
-27
22
1
12
18
15
4
-21
-13
-18
27
1
2
11
-2
-8
6
-15
-19
5
-23
23
25
-3
0
-23
-8
-22
-19
23
18
17
0
-23
-29
24
-4
-4
0
-5
12
-25
17
21
-14
9
-24
6
16
5
-23
-23
27
24
-28
-4
-18
8
15
3
10
10
-28
15
3
7
-18
-21
21
4
-18
20
-30
15
-5
27
-24
-5
10
7
11
-1
-13
-8
-12
0
23
-7
23
0
13
-19
0
16
15
26
-19
16
-19
-10
14
-8
8
-21
-30
-19
21
6
0
-5
-16
0
0
0
19
-4
-21
8
22
11
8
-5
-24
12
7
14
13
16
6
20
9
-10
-21
5
21
13
-29
-9
-27
-10
10
-6
-4
-13
-14
5
8
-25
-29
19
27
5
5
1
-11
-14
-5
23
16
0
-9
11
-9
-15
-20
13
13
8
22
4
-24
-5
12
22
-8
1
-20
-13
-27
11
-29
20
8
0
-6
26
10
-2
18
-13
-21
-11
-23
22
0
-25
20
16
6
5
19
25
-3
14
1
19
13
14
3
7
20
7
7
-7
18
9
24
2
-6
-21
11
-6
6
-25
-26
-18
-9
26
-1
18
10
6
-4
25
17
15
2
23
-12
-19
16
10
-9
4
-18
-4
26
-8
-4
16
-1
-3
8
25
-21
-4
-21
14
-9
-24
2
-5
14
-21
-4
23
11
4
-19
-27
-9
-23
1
19
24
-5
11
3
-16
0
-21
-25
14
-29
19
25
-28
1
19
-14
10
-15
17
12
8
-18
-7
-11
4
5
27
12
-20
18
-2
4
-1
11
11
-23
-4
-12
-5
15
-16
-9
23
-11
-17
9
-22
12
-9
5
0
-4
3
0
14
-26
24
-28
-9
-5
-3
-16
-1
1
0
19
18
-26
25
-30
-3
19
14
20
-16
19
-9
-29
12
12
-19
25
-7
3
-22
-16
-16
-9
-24
-14
9
-4
-1
-18
-10
17
-16
-25
-9
-9
0
25
-30
26
-21
18
11
-4
-11
-12
4
-6
16
22
4
0
16
12
19
-28
10
16
18
12
6
8
-24
-4
-30
5
0
16
-2
-29
-7
-7
10
-10
11
23
8
13
11
-27
-6
-10
22
25
-30
-29
-24
22
9
2
7
-13
-12
-5
-1
1
19
-26
12
23
-27
9
-4
-25
16
14
-6
-14
-29
-10
7
-1
-14
7
2
14
14
-30
4
3
-5
15
-19
22
25
-8
15
13
21
19
9
21
-22
-26
13
-14
26
14
-11
-4
24
10
26
24
-18
-28
-21
27
19
-23
15
0
-10
-8
24
1
-24
18
-24
24
-8
-25
8
-4
27
19
-24
-22
-26
1
13
0
13
25
23
-22
-26
8
17
24
4
-3
6
7
5
-24
23
-23
11
-19
14
-25
13
-6
-21
2
-8
26
-9
-13
-16
-29
26
-12
2
-21
13
27
27
2
-25
-13
0
-20
25
-3
-28
11
15
2
23
-3
-21
-26
-18
-1
-12
6
-23
-16
-14
-4
-21
13
1
3
24
-26
3
16
-1
2
13
0
-8
10
2
-15
12
12
-13
-23
-23
10
-28
19
13
9
-20
16
-5
-10
-10
26
1
-20
15
-2
24
-27
-24
6
14
11
9
6
9
13
-23
-16
-28
0
18
2
1
-5
-13
17
-10
14
23
15
21
-2
1
-11
-30
-3
23
-9
15
25
-21
-15
-15
13
8
-9
-22
22
-1
-12
-7
5
-2
-20
23
22
6
-25
-29
27
17
8
-28
-26
18
3
-28
2
24
-26
21
-22
9
15
0
-15
17
-21
24
-2
-13
18
-18
4
18
9
25
26
17
-4
-13
2
17
18
-5
6
16
19
26
10
-30
9
10
-21
21
27
15
-25
-5
8
-25
22
-9
11
16
16
-13
18
17
7
14
1
-25
-4
22
-30
23
24
-18
-24
-14
-16
-25
-8
14
22
25
12
-25
-14
-23
27
6
12
-3
-21
-8
7
-12
23
27
-18
0
25
-29
-17
-30
-27
14
13
-24
-8
-21
13
5
20
11
24
-2
-30
16
21
-14
7
3
-16
0
24
-23
4
-15
8
-13
24
-20
13
-3
15
-30
7
-2
-22
-11
-4
13
16
-21
-19
12
-5
13
3
27
12
-4
-8
19
7
12
22
-4
-7
21
12
-23
-26
-24
4
-15
19
-1
-23
2
14
21
6
25
19
-8
23
-20
26
7
15
7
-17
25
-9
-12
-14
-27
-26
21
2
11
19
-2
-20
-24
-17
-28
-11
1
-28
-17
-20
-15
-16
9
-30
8
5
19
5
3
-16
10
-28
-9
18
6
0
15
-11
27
8
-27
18
13
-23
13
20
-24
-11
19
21
-25
-11
18
-16
-24
27
-18
25
12
1
-19
27
-21
20
-3
22
21
-29
-1
12
0
2
-7
-21
4
24
2
-11
1
24
-7
-22
4
-17
26
-11
0
0
-14
4
3
22
-3
17
-19
26
-12
-22
8
-29
-19
0
24
-21
15
2
26
16
-15
23
6
-13
-10
-11
6
-29
10
6
-2
-2
5
17
1
17
-1
12
-27
-8
3
-11
0
-4
-13
4
-4
9
-10
17
6
11
14
-16
-17
23
12
12
-26
8
19
-12
-29
27
9
-5
9
-8
-7
13
-4
23
-8
11
24
18
-4
-10
1
15
14
1
-11
-17
22
21
-23
-24
-10
-19
5
-21
-13
-30
-6
17
20
8
-13
15
-8
27
-27
-9
18
17
18
-18
-30
6
24
14
-25
-28
-26
-21
1
-21
-8
-22
3
24
9
-21
17
25
14
-9
-2
-14
7
17
-7
-10
-28
-20
26
5
16
-27
-17
7
5
-18
-24
-4
-15
12
15
25
-1
-15
5
24
2
-17
-2
-17
-30
26
1
-29
8
5
-16
21
-23
-9
-9
3
15
-14
25
12
7
-2
17
-27
9
-1
-30
-8
6
7
18
-3
-9
-12
-28
12
12
18
4
1
-22
-20
2
-5
-8
4
13
-28
20
-13
11
-27
0
25
10
-26
11
26
-21
25
-24
5
3
-13
0
12
-2
15
23
-27
-17
11
27
9
-23
10
-14
8
21
10
11
-7
10
10
-13
16
14
-13
-16
-9
15
-2
22
-16
-27
-10
18
-27
25
8
17
0
-21
-5
-26
-10
8
4
1
25
17
18
-12
22
5
16
1
-26
4
18
-3
-27
-6
27
7
-28
24
-12
-2
-1
-16
-11
25
-24
9
-13
-11
-18
-20
0
-10
-28
12
20
-6
3
-17
2
27
27
-20
23
-22
24
-20
-24
21
-13
15
-23
-6
9
-7
-27
24
27
9
18
-15
-1
8
-6
-23
-2
-7
-22
26
21
18
-5
18
-14
8
20
-13
8
-6
-24
10
19
11
20
-8
11
4
-28
2
-19
-12
25
-27
21
12
-23
27
-17
26
17
19
19
27
4
12
2
-12
20
5
21
-15
17
4
-11
-9
-22
-27
-24
-25
-29
12
15
27
-25
-10
2
-11
-8
16
-15
27
-9
15
11
-3
-28
7
6
-30
-27
12
-4
19
3
18
1
5
1
12
-6
-30
-25
-18
-21
2
25
-7
26
22
14
-6
-11
-10
-1
0
23
-28
9
-18
6
-12
-7
-16
-4
-30
-14
21
-22
27
13
22
-11
14
26
16
12
9
10
-7
-29
12
-26
-14
-13
-16
-27
8
-12
-12
-2
4
-18
15
15
7
17
-2
-15
-13
14
-30
19
6
27
-19
-26
18
15
-15
-30
27
11
-10
-16
7
8
-24
17
-17
0
13
-19
23
11
-13
-26
25
-11
18
10
-22
5
14
1
13
14
-17
21
-21
-13
21
-4
-16
26
-13
26
-25
22
-17
3
10
15
18
-18
-6
17
14
2
-30
23
7
14
20
-24
12
-9
0
-29
-9
-28
12
-1
-30
16
-6
17
-20
-25
12
-22
23
14
-9
17
22
-11
0
-11
-29
27
-8
20
-19
18
5
-19
-3
-13
24
17
22
11
-6
16
-13
4
24
22
-18
-11
10
-27
26
3
-29
6
-18
-24
0
22
20
-17
-8
-12
-9
25
-15
7
-27
-18
-14
24
-12
-10
-6
-27
14
1
13
0
-28
11
0
22
-4
5
7
2
-1
19
16
24
5
6
27
-23
-7
-26
-28
-24
12
-9
27
-17
-23
16
-11
-19
18
-29
22
19
-16
22
14
2
-11
-21
21
20
17
25
24
5
1
-21
13
-3
-8
-22
26
13
-24
-30
-2
25
-5
-12
26
11
2
7
17
9
13
23
-27
-24
3
-11
24
9
13
3
19
15
-25
-22
-17
-28
2
-20
-30
-17
-2
-20
1
-22
1
-10
13
-20
3
13
19
1
11
5
8
5
-14
-20
-17
21
-20
15
-11
-15
27
19
-4
-1
-10
-22
6
-2
-22
11
20
-19
15
-11
2
24
-4
8
-22
-18
24
4
14
-25
14
-11
15
23
21
-24
-11
-3
26
-28
0
27
12
5
-28
-5
23
-22
14
-12
-20
0
-6
13
13
-22
-3
-23
13
-14
25
-5
27
-9
-4
-22
20
7
-12
1
19
26
-7
-17
-12
8
8
-29
8
-10
22
-29
16
-16
15
27
21
-15
2
7
3
-12
1
3
3
-11
-2
-5
-11
26
9
27
20
10
-13
-17
15
3
-11
-15
-2
-19
23
-16
25
14
4
-2
6
-25
9
-4
-20
-13
7
-28
-24
-17
-26
23
11
16
27
4
-18
1
-19
18
-17
27
-30
2
-7
-4
12
-27
14
-10
13
27
-24
-19
13
-25
23
-20
27
7
-24
5
-30
26
26
-25
9
-8
6
4
-21
18
9
3
9
21
-22
14
-12
27
-22
-6
8
1
-3
-11
-1
-9
-3
15
12
-6
-13
27
23
-13
-1
6
-24
1
3
17
13
8
22
-23
1
0
-10
4
-28
2
23
14
10
-14
20
1
-11
-10
9
3
-26
-12
-20
14
-18
-15
-17
15
-8
-21
5
26
-11
6
13
11
-5
-24
2
-4
-20
6
12
17
18
-29
-9
10
-30
5
4
11
15
-18
18
19
4
-24
-15
11
11
-19
17
0
-15
-27
23
14
-9
12
-23
17
25
-22
6
4
16
-9
-21
6
24
-20
-16
-4
15
-30
18
22
-1
-3
1
17
20
15
-11
-26
9
2
-14
9
16
6
-22
11
-28
-16
5
19
-14
6
23
25
5
-24
11
-8
-30
8
-20
-22
3
5
8
-25
25
18
5
11
0
-24
15
-23
-25
13
4
-18
17
23
1
-4
10
13
-1
19
15
19
20
-13
-11
6
18
-11
0
23
-26
-30
2
-23
15
-2
18
-28
-2
5
-29
10
2
-7
-17
-7
-10
20
16
6
-17
-18
-8
27
3
17
18
8
-28
-13
26
-16
-4
27
27
26
-1
-4
-1
-11
24
9
19
-10
-17
10
7
-10
-11
-9
26
-30
-26
4
-7
-12
-16
-6
9
23
-13
2
-19
-17
-22
-15
27
12
-11
-22
2
10
-6
-15
13
23
24
3
-27
21
16
4
27
-15
27
-3
-15
-21
-2
13
-4
-21
16
-23
-27
-17
25
-22
-28
12
17
-2
13
-20
3
18
27
8
6
-20
-29
-28
14
0
14
-8
3
-3
24
6
-8
27
0
18
-28
3
-20
13
25
26
-24
8
11
8
11
2
-18
-22
3
7
-23
-15
5
-1
3
-20
16
-20
-1
-27
13
-2
23
-17
25
6
2
-7
-14
14
-20
23
-4
5
-25
19
-27
-13
14
-11
14
20
23
-11
19
-19
20
8
2
16
-7
-7
-21
19
-24
3
1
6
-21
-22
-16
26
0
-22
23
-5
9
-13
16
13
-30
-25
19
-27
22
10
-15
0
24
-12
3
-20
15
-25
0
6
12
25
-12
-9
17
2
-7
5
15
-16
-27
21
7
-25
0
0
21
-30
18
-8
15
-24
0
9
8
-4
16
9
-13
-1
1
25
-25
-14
27
11
5
-24
5
-18
-30
26
-27
21
21
-18
5
-20
18
-15
20
12
-16
21
-29
17
27
6
-11
12
-22
6
-8
3
-10
-30
14
26
26
-14
-4
13
16
1
2
0
-3
-5
-22
17
-5
-29
-28
5
6
23
-28
1
5
24
-11
-17
21
16
-23
-25
23
-30
10
10
21
8
9
7
-12
17
26
12
-6
23
-22
-15
-21
7
-12
9
6
-19
-27
11
5
15
7
-20
-30
9
23
16
23
6
-9
20
-13
10
-23
3
22
2
11
-4
0
8
15
-19
-3
2
-7
25
-6
-7
-20
-7
5
23
-4
23
27
17
-25
-29
-7
23
-7
16
-30
9
-6
-9
-1
4
26
7
-24
25
4
-28
15
16
25
7
-11
16
-15
-8
0
12
19
11
-10
-19
0
-26
-26
-28
1
14
3
22
7
-30
-7
-17
13
8
21
-17
10
24
-17
-28
11
12
-13
-15
5
27
-9
-1
-21
-27
0
15
-20
5
16
-23
4
1
10
16
7
-14
-21
2
-9
-14
10
-1
-26
19
7
25
-18
-27
2
-8
-11
10
1
-2
-10
6
9
2
-17
18
-29
-21
9
21
0
15
24
-3
-13
26
-11
-9
-27
15
-17
-28
24
27
-9
0
-23
2
11
-25
16
22
-11
13
-20
-24
7
0
19
3
7
-6
-22
11
16
22
-11
-30
-23
26
0
25
3
-19
8
-17
20
-12
-15
5
16
-29
21
-27
25
-19
20
1
-3
-27
19
-15
16
-15
12
21
4
26
-6
-9
-14
1
-18
-23
8
26
-13
16
25
-6
17
-24
-2
-12
-7
-1
7
-19
0
18
25
-5
-20
-20
23
22
26
-2
9
-15
-10
-1
8
-9
-2
-20
23
13
-8
-3
-28
-28
21
-11
10
2
15
-2
-7
-3
16
16
-23
-17
21
-18
-10
-18
15
14
-28
13
20
-12
27
-14
11
17
19
7
-20
-13
-27
-10
18
1
-14
27
4
-7
20
-27
18
-9
25
3
17
9
-7
-8
2
-13
1
1
-20
-13
8
1
-27
5
22
1
-1
20
24
-30
-16
-5
-4
23
-13
7
3
-14
9
5
-24
-5
22
-16
-28
21
16
18
17
-13
-5
9
15
-22
-14
-10
-25
-9
1
26
-8
-23
17
-7
-9
22
-18
8
8
6
-8
10
-1
-30
13
4
5
19
26
-25
18
-30
23
-9
-18
-21
7
-22
0
20
16
-17
12
-3
-12
17
-5
4
12
11
-6
-10
-6
18
-26
-30
5
24
11
1
-6
-2
-4
-7
14
-19
21
3
-22
1
16
-14
26
-5
-12
-23
25
-11
13
-25
9
27
11
-28
-15
13
-14
18
4
-16
14
-1
0
-12
0
2
25
10
-9
-24
27
14
-11
-10
-8
13
11
7
24
-1
-1
24
-4
2
15
26
-8
-10
8
15
20
-15
19
-22
20
-24
22
-14
3
14
-4
5
10
12
-8
-28
-11
24
-29
-23
17
-9
-5
-16
1
-1
16
21
-21
-29
8
-18
11
6
-14
-25
12
22
14
-26
-1
-6
22
8
13
-22
-9
7
-28
10
-23
22
-8
-16
21
17
-27
-11
-27
-18
25
24
18
14
-21
-4
13
7
-13
13
12
-15
-28
6
23
4
-13
18
-28
-26
25
23
-23
11
-19
-14
21
7
-14
20
2
9
-11
-12
-8
-20
-29
13
0
-13
24
9
11
-22
-16
1
8
-30
9
20
-21
18
3
-21
5
25
-28
23
1
-13
21
-24
13
7
-6
3
25
-16
25
-16
18
-29
10
8
9
-4
17
18
23
-30
-7
-12
-13
-1
20
25
-11
-6
4
-21
-23
-2
5
-3
-4
15
19
21
-25
5
25
4
4
16
-6
23
-18
-29
16
14
18
9
5
-16
12
25
20
-1
22
10
4
25
-24
-13
-27
-19
-28
9
-3
-18
-20
-6
-2
23
-7
-12
8
-8
-8
-3
24
9
24
-13
12
-11
15
-2
6
14
-15
-19
-20
11
24
-12
24
15
-20
-16
24
26
-25
-27
-27
10
-29
-19
-7
22
-15
13
-10
-25
14
1
-7
4
-15
6
-1
-19
7
-27
27
-13
0
-23
15
6
17
-21
15
23
22
-14
-26
-20
25
-7
5
-21
5
-13
-27
2
14
20
-21
6
24
22
3
19
-20
-22
-4
-9
-2
-20
12
2
-13
14
8
23
24
16
27
22
-2
-14
16
25
13
5
11
15
10
13
-16
-20
-7
0
23
18
8
27
-25
-29
21
-13
-3
-3
-12
-5
-17
-25
-16
-18
-21
12
-23
-19
0
18
-4
-5
21
0
-24
9
17
-15
-1
26
16
-23
21
-2
8
0
4
-29
27
23
13
19
14
10
-2
6
-11
24
21
15
21
-30
9
17
12
-16
-28
5
1
21
19
9
10
-12
-24
-14
-1
-25
4
8
21
25
18
-1
-24
-3
-28
-23
-7
21
13
-28
27
22
5
-27
-23
22
17
13
-6
16
17
7
-18
-5
24
4
8
23
15
-8
14
-2
-1
-4
-23
-27
-3
22
12
6
-30
-11
-20
25
-16
15
-5
-15
-22
19
13
11
-17
-29
-19
13
16
-12
-29
20
11
25
-3
24
22
-6
-25
-2
-17
-11
-25
-26
-5
5
-6
22
3
-22
-16
-10
10
5
-8
15
5
26
15
19
16
22
-24
7
10
11
10
-25
26
6
5
14
-8
23
-4
27
16
24
-24
6
-3
-13
25
-20
15
-24
-17
8
-25
21
-15
27
-30
-10
-15
8
21
10
-23
-16
1
7
1
-15
13
-4
22
-30
4
-26
0
15
2
-6
-24
-21
15
5
-1
-18
-13
25
-20
-16
-1
6
25
25
1
-29
2
26
20
-3
-3
25
-10
-14
-11
24
-1
-19
16
-6
23
6
-22
3
-4
-22
-12
-1
8
16
-11
-22
-11
-25
15
5
-25
-10
-14
20
-30
-5
2
-29
-21
-21
24
-27
-11
24
-7
24
4
-19
0
-20
23
4
-13
-22
23
23
20
-20
-2
0
12
11
-5
26
21
-4
19
-12
9
4
-28
7
14
14
21
-7
1
9
27
12
18
2
9
-7
-10
19
2
-25
-18
-23
21
10
27
26
-18
12
-3
-6
-13
-16
2
19
5
26
23
-19
14
16
-27
-16
-22
15
-26
-8
-29
-28
-7
13
-2
9
5
-23
-3
13
-28
-23
-19
17
24
-21
20
-23
18
-21
7
-29
-27
27
-15
-4
8
-6
-19
1
26
15
-14
-1
14
-23
-4
10
24
-12
-13
-7
16
15
-25
-29
3
-23
25
21
-16
-4
-9
-29
25
-23
-14
-21
-10
4
-17
-20
7
11
-8
8
2
-14
10
-7
25
26
-3
-20
25
27
12
-27
-23
4
-28
-5
25
21
-12
-9
-30
15
17
21
-12
15
-10
13
5
-19
-20
-29
4
4
-15
23
10
-12
-27
-7
27
-12
-10
27
-22
9
-6
10
14
-26
21
12
6
-25
-23
-12
6
-13
-21
20
10
-28
13
-29
22
-16
2
0
23
2
1
22
-27
1
-3
-17
26
-16
27
-17
-15
-29
23
16
16
-17
3
7
6
-18
4
8
14
-24
-2
19
21
-5
22
2
-4
-9
-25
11
10
-4
0
-1
6
20
-9
-30
20
18
5
20
-11
-24
21
8
-7
-5
2
-27
-7
21
27
-1
25
2
11
-23
-8
11
10
-6
11
0
16
13
15
1
-6
-29
-6
16
0
3
-29
23
15
-9
-14
-17
-22
-21
-28
-15
21
26
9
-3
-20
15
21
14
24
14
24
25
20
23
-28
-5
5
-16
18
-27
-29
-12
26
-30
15
-4
-30
-11
9
25
-26
-8
-3
-4
-7
14
3
5
-5
3
-15
-20
-22
3
-28
-10
-10
-3
24
-16
13
26
-18
-2
9
-13
3
11
27
-14
5
-6
-21
-3
-19
-24
-17
5
23
5
10
-14
9
-18
3
11
-23
8
-23
1
21
16
-7
22
-4
-10
-19
22
-4
26
0
-24
14
-13
-9
2
-5
10
-3
-27
26
-18
22
-21
21
23
-3
5
-8
-21
-17
2
15
-4
5
-4
-28
11
26
16
5
8
20
5
-17
-30
25
6
11
15
21
-27
24
12
1
-16
26
-14
17
-7
-23
24
-23
5
25
19
-29
-11
-1
20
21
-16
-14
5
17
-4
-14
-21
-2
10
-23
8
1
21
0
9
-29
-4
-25
16
-2
11
-22
-16
-19
-10
-8
-6
-21
11
10
27
26
-5
-16
-14
1
-26
-1
10
4
-21
21
-27
8
5
-4
1
-2
19
-13
7
-27
17
1
-18
2
3
23
-27
10
17
13
4
20
-13
-16
-7
-3
-6
22
-5
2
-16
2
8
-21
27
-7
3
-26
7
-4
11
-29
13
4
5
17
-27
0
24
7
1
-1
17
-5
-21
-21
15
-22
19
-27
18
5
0
6
-17
4
21
-25
18
6
-13
0
17
10
4
23
-28
-23
2
-25
15
13
24
-13
-12
-16
4
2
16
-3
-18
9
-20
26
-17
14
3
-12
14
-1
-8
7
-18
14
19
13
-14
-29
3
6
-3
26
1
3
5
-22
-23
3
25
-5
-29
16
2
21
-3
-1
17
-13
5
-13
16
-21
-22
13
13
-27
9
19
-27
17
1
-16
5
19
-4
-11
17
25
-14
27
-19
-10
14
-21
-21
4
23
4
16
-15
23
-3
5
23
-6
11
-23
-6
21
-27
5
18
-17
-23
27
-25
-28
-3
13
7
-21
11
18
-15
-27
1
16
-25
11
7
21
-14
11
12
16
16
-9
20
-6
-2
8
23
4
-16
-22
-15
21
1
-24
-4
-27
22
-21
-24
20
8
5
-30
21
-6
10
-27
9
2
26
-14
6
-28
12
26
-1
-3
-28
19
27
-24
-3
23
8
2
-1
-26
12
-27
-10
13
22
21
21
-26
7
26
24
-1
15
-9
-27
-22
22
-27
-2
-13
4
16
21
22
-27
-29
8
22
-23
-1
-21
15
-1
5
-7
2
21
-7
20
-14
-14
-3
20
1
20
17
23
-30
26
-8
8
-11
26
3
15
6
-10
13
-26
-8
4
24
10
4
-21
-29
-12
-24
-29
-13
1
-3
3
27
8
17
-27
-17
-5
2
12
9
9
25
0
13
-5
27
2
-1
-12
-27
-28
14
-5
-15
-23
26
7
3
-11
-17
14
-4
5
7
23
-27
12
-7
-7
26
-17
6
-3
-30
-17
-30
0
-3
1
9
10
20
-25
-3
26
0
18
-11
17
-23
3
-18
-30
8
-17
16
20
18
1
-28
13
-1
17
11
13
-25
1
-6
15
-25
23
14
-13
-26
-28
9
2
-28
16
23
16
-25
-28
16
24
-19
0
-18
17
20
15
-21
21
4
-28
25
14
6
-19
2
-10
-13
-3
-4
16
-30
13
-5
26
26
-25
7
23
3
-18
20
24
-14
21
1
10
14
-13
-4
17
-29
2
-16
-23
-30
-5
4
27
-23
12
-18
-17
-6
20
-5
-24
4
18
11
15
-16
-1
-23
7
18
0
-17
-29
6
2
21
7
13
24
13
3
-20
17
-27
-22
-17
25
-5
-4
2
20
24
16
-4
-24
-7
-21
10
-3
-27
11
-15
16
0
-26
7
0
21
-26
26
4
-28
25
9
17
8
23
-7
17
25
-9
-18
6
-2
5
-27
-15
-21
26
-6
24
-13
15
7
-18
-28
-2
-15
-22
7
14
12
-11
22
15
-18
0
-6
-20
-14
17
-26
8
6
-18
9
6
22
15
-8
2
-5
-7
20
0
21
-12
14
24
-11
13
-24
-20
-5
20
-23
19
-20
-6
-11
-27
16
2
-21
23
-14
24
27
18
-5
-26
-22
-29
2
9
6
2
12
23
5
-18
-4
27
9
-1
0
8
-26
-22
-13
-19
6
2
27
26
-26
-9
25
-16
-8
-5
-16
3
11
-21
17
9
6
9
20
-30
5
2
12
-18
23
-23
25
21
-25
-9
21
24
-5
10
-16
-29
-6
21
-7
12
-30
4
8
-26
-9
17
-26
21
18
-30
21
22
2
-6
5
13
-28
-29
19
27
8
17
-17
27
-3
9
-18
17
-4
-19
-4
-13
25
0
-25
-18
-11
-2
17
23
-10
11
7
-18
-26
-13
-21
3
16
11
16
11
-24
-30
8
13
-28
1
22
-16
11
17
6
-21
26
26
-14
20
21
-12
-4
-30
-29
-3
9
-12
24
-14
-2
-23
17
0
12
1
-25
18
-28
12
18
-18
1
17
7
-20
5
16
-3
-22
13
0
24
-28
27
7
6
-20
0
-11
-7
-26
11
1
9
6
-10
2
3
18
1
27
-1
-14
-30
4
26
-29
0
2
25
14
-16
20
-4
-16
21
-15
21
-4
-23
21
-28
-16
-5
26
14
-9
-12
-30
27
-13
21
1
10
8
-13
-24
3
2
7
-27
14
26
-14
27
-8
5
5
-18
8
15
-6
23
-5
-28
-3
7
0
-12
27
-29
10
26
-22
15
11
-11
-4
-7
9
16
-9
-20
-13
9
-3
-22
25
7
19
-19
-6
-14
-29
6
15
-5
-20
27
18
11
13
-21
26
3
13
-20
17
3
-17
-15
-7
7
-20
-23
26
-25
-19
9
11
4
7
-8
-10
4
17
1
26
24
-7
-14
-30
3
19
-11
-9
16
-30
-1
17
0
-3
3
0
-22
17
-12
2
-16
23
3
-28
14
1
18
22
-4
-17
13
5
-20
10
-23
-23
23
8
-29
0
4
7
9
16
12
14
6
-24
27
-11
-24
-4
-22
7
9
-29
21
6
-23
15
-19
24
16
4
-24
-14
15
-20
7
26
-23
19
20
-13
-24
9
19
18
4
-21
15
-25
-3
-2
7
-26
14
-2
-18
7
5
7
-2
19
4
-1
-2
24
18
-4
-15
-15
-11
2
-1
2
-5
-12
-25
11
13
-17
9
1
23
17
-10
1
5
-26
-17
18
25
-18
8
4
17
23
-29
-2
22
8
-4
-5
16
10
-2
5
-10
4
8
-6
25
-12
0
-19
-24
-4
2
-2
4
-5
25
-15
-21
-29
23
18
-7
-16
-28
1
4
13
18
20
-22
6
5
-9
22
13
-10
26
-23
-18
24
7
-28
-6
-12
10
17
20
-17
27
1
-3
-16
-6
12
10
26
-28
-8
21
17
-7
-30
-20
5
14
-2
-15
-6
6
10
18
17
17
10
-12
-7
-16
16
20
7
-23
16
-1
15
22
16
-4
-18
14
-15
24
7
-24
-5
-19
-4
21
17
-5
6
5
-6
26
-19
-21
-17
-15
19
1
-15
-15
-11
-10
13
3
-16
10
23
22
19
6
-11
9
0
-26
-17
3
-12
11
-12
11
-17
-29
-20
-21
13
-12
-29
13
9
6
13
12
22
15
-26
16
9
-4
21
-18
-13
23
-20
24
-2
16
-8
25
-17
20
26
4
-12
11
17
-20
-20
22
-13
-19
6
-28
0
15
15
-19
-16
-7
-6
5
16
-14
13
7
9
-25
2
-9
-21
18
-25
15
23
-15
11
12
0
-5
8
15
-26
-2
-3
-1
-23
20
6
-15
1
16
15
14
-5
18
11
21
11
-10
-26
7
2
21
-10
19
-20
11
-15
0
20
1
9
13
14
8
13
20
0
17
0
-9
-3
-2
11
-15
26
2
19
-19
17
-8
-17
6
12
-25
-9
-3
18
15
23
-25
-4
16
-30
-17
13
24
1
-1
-18
2
-25
24
21
1
23
-18
21
-25
-29
2
2
1
17
-26
5
6
-28
19
-23
-13
21
-16
-29
10
24
-8
1
-23
19
-12
23
21
-14
6
26
-25
5
21
6
-11
-21
-10
-8
-28
-19
19
-23
-12
-19
27
3
18
8
11
-1
-25
26
3
-16
-23
-6
-27
-6
-14
4
-11
24
-2
6
-10
4
16
3
0
26
-1
-29
4
-26
-28
-19
16
-14
-24
4
-22
-17
22
-16
16
-16
0
-2
11
-25
22
-17
8
-21
17
-7
-10
-3
-9
11
-19
21
5
3
26
-14
11
-9
19
15
2
-17
-10
-8
24
-10
15
-10
-28
-5
-23
8
-28
-28
6
27
18
2
13
16
-6
17
-1
16
-26
16
-2
-22
0
3
18
0
19
1
-30
17
15
-30
-17
-9
9
8
1
19
10
-1
-20
13
15
-14
10
11
-4
19
-30
11
-18
-10
-17
-29
-30
20
2
-3
-22
21
-17
17
-28
10
12
-5
3
16
-27
22
26
-5
9
-17
13
18
-27
15
-28
-24
25
-10
-20
23
21
25
18
2
-4
-1
-23
20
0
10
-21
-2
13
23
6
-11
22
-20
-15
23
-24
1
-2
8
-21
-19
14
-9
19
24
-18
-29
24
24
4
-12
20
-24
-24
-5
14
1
23
-17
3
-5
-3
-5
-16
-14
14
6
-6
17
-19
7
-28
-30
1
17
-22
23
-3
27
-25
-1
-3
19
27
-6
11
-14
-30
14
12
1
-8
16
4
-26
24
-7
20
19
-29
19
-20
-13
26
18
6
9
11
9
-24
-13
20
16
-9
3
10
21
-20
-13
-16
-1
13
-28
-28
-3
9
21
24
23
-23
20
-25
20
-23
-26
-30
15
12
-18
25
-25
4
-19
-18
18
-16
13
-26
-14
26
21
7
-24
-1
-28
19
-1
-16
13
-6
-27
0
0
21
19
-23
26
17
-9
9
11
-5
13
4
7
20
-30
-23
1
-3
14
-5
-10
8
6
-30
-8
19
11
